   0.0000000e+00   2.5462000e+01   5.1355000e+01
   5.0000000e-01   2.5401700e+01   5.0518000e+01
   1.0000000e+00   2.5341400e+01   4.9681000e+01
   1.5000000e+00   2.5281100e+01   4.8844000e+01
   2.0000000e+00   2.5220800e+01   4.8007000e+01
   2.5000000e+00   2.5160500e+01   4.7170000e+01
   3.0000000e+00   2.5100200e+01   4.6333000e+01
   3.5000000e+00   2.5039900e+01   4.5496000e+01
   4.0000000e+00   2.4979600e+01   4.4659000e+01
   4.5000000e+00   2.4919300e+01   4.3822000e+01
   5.0000000e+00   2.4859000e+01   4.2985000e+01
   5.5000000e+00   2.5075200e+01   4.4003000e+01
   6.0000000e+00   2.5291400e+01   4.5021000e+01
   6.5000000e+00   2.5507600e+01   4.6039000e+01
   7.0000000e+00   2.5723800e+01   4.7057000e+01
   7.5000000e+00   2.5940000e+01   4.8075000e+01
   8.0000000e+00   2.6156200e+01   4.9093000e+01
   8.5000000e+00   2.6372400e+01   5.0111000e+01
   9.0000000e+00   2.6588600e+01   5.1129000e+01
   9.5000000e+00   2.6804800e+01   5.2147000e+01
   1.0000000e+01   2.7021000e+01   5.3165000e+01
   1.0500000e+01   2.6928625e+01   5.2895475e+01
   1.1000000e+01   2.6836250e+01   5.2625950e+01
   1.1500000e+01   2.6743875e+01   5.2356425e+01
   1.2000000e+01   2.6651500e+01   5.2086900e+01
   1.2500000e+01   2.6559125e+01   5.1817375e+01
   1.3000000e+01   2.6466750e+01   5.1547850e+01
   1.3500000e+01   2.6374375e+01   5.1278325e+01
   1.4000000e+01   2.6282000e+01   5.1008800e+01
   1.4500000e+01   2.6189625e+01   5.0739275e+01
   1.5000000e+01   2.6097250e+01   5.0469750e+01
   1.5500000e+01   2.6004875e+01   5.0200225e+01
   1.6000000e+01   2.5912500e+01   4.9930700e+01
   1.6500000e+01   2.5820125e+01   4.9661175e+01
   1.7000000e+01   2.5727750e+01   4.9391650e+01
   1.7500000e+01   2.5635375e+01   4.9122125e+01
   1.8000000e+01   2.5543000e+01   4.8852600e+01
   1.8500000e+01   2.5450625e+01   4.8583075e+01
   1.9000000e+01   2.5358250e+01   4.8313550e+01
   1.9500000e+01   2.5265875e+01   4.8044025e+01
   2.0000000e+01   2.5173500e+01   4.7774500e+01
   2.0500000e+01   2.5081125e+01   4.7504975e+01
   2.1000000e+01   2.4988750e+01   4.7235450e+01
   2.1500000e+01   2.4896375e+01   4.6965925e+01
   2.2000000e+01   2.4804000e+01   4.6696400e+01
   2.2500000e+01   2.4711625e+01   4.6426875e+01
   2.3000000e+01   2.4619250e+01   4.6157350e+01
   2.3500000e+01   2.4526875e+01   4.5887825e+01
   2.4000000e+01   2.4434500e+01   4.5618300e+01
   2.4500000e+01   2.4342125e+01   4.5348775e+01
   2.5000000e+01   2.4249750e+01   4.5079250e+01
   2.5500000e+01   2.4157375e+01   4.4809725e+01
   2.6000000e+01   2.4065000e+01   4.4540200e+01
   2.6500000e+01   2.3972625e+01   4.4270675e+01
   2.7000000e+01   2.3880250e+01   4.4001150e+01
   2.7500000e+01   2.3787875e+01   4.3731625e+01
   2.8000000e+01   2.3695500e+01   4.3462100e+01
   2.8500000e+01   2.3603125e+01   4.3192575e+01
   2.9000000e+01   2.3510750e+01   4.2923050e+01
   2.9500000e+01   2.3418375e+01   4.2653525e+01
   3.0000000e+01   2.3326000e+01   4.2384000e+01
   3.0500000e+01   2.3326000e+01   4.2384000e+01
   3.1000000e+01   2.3326000e+01   4.2384000e+01
   3.1500000e+01   2.3326000e+01   4.2384000e+01
   3.2000000e+01   2.3326000e+01   4.2384000e+01
   3.2500000e+01   2.3326000e+01   4.2384000e+01
   3.3000000e+01   2.3326000e+01   4.2384000e+01
   3.3500000e+01   2.3326000e+01   4.2384000e+01
   3.4000000e+01   2.3326000e+01   4.2384000e+01
   3.4500000e+01   2.3326000e+01   4.2384000e+01
   3.5000000e+01   2.3326000e+01   4.2384000e+01
   3.5500000e+01   2.3326000e+01   4.2384000e+01
   3.6000000e+01   2.3326000e+01   4.2384000e+01
   3.6500000e+01   2.3326000e+01   4.2384000e+01
   3.7000000e+01   2.3326000e+01   4.2384000e+01
   3.7500000e+01   2.3326000e+01   4.2384000e+01
   3.8000000e+01   2.3326000e+01   4.2384000e+01
   3.8500000e+01   2.3326000e+01   4.2384000e+01
   3.9000000e+01   2.3326000e+01   4.2384000e+01
   3.9500000e+01   2.3326000e+01   4.2384000e+01
   4.0000000e+01   2.3326000e+01   4.2384000e+01
