   0.0000000e+00   2.2790000e+01   5.0740000e+01
   5.0000000e-01   2.2873000e+01   5.0751000e+01
   1.0000000e+00   2.2956000e+01   5.0762000e+01
   1.5000000e+00   2.3039000e+01   5.0773000e+01
   2.0000000e+00   2.3122000e+01   5.0784000e+01
   2.5000000e+00   2.3205000e+01   5.0795000e+01
   3.0000000e+00   2.3288000e+01   5.0806000e+01
   3.5000000e+00   2.3371000e+01   5.0817000e+01
   4.0000000e+00   2.3454000e+01   5.0828000e+01
   4.5000000e+00   2.3537000e+01   5.0839000e+01
   5.0000000e+00   2.3620000e+01   5.0850000e+01
   5.5000000e+00   2.3633000e+01   5.0972000e+01
   6.0000000e+00   2.3646000e+01   5.1094000e+01
   6.5000000e+00   2.3659000e+01   5.1216000e+01
   7.0000000e+00   2.3672000e+01   5.1338000e+01
   7.5000000e+00   2.3685000e+01   5.1460000e+01
   8.0000000e+00   2.3698000e+01   5.1582000e+01
   8.5000000e+00   2.3711000e+01   5.1704000e+01
   9.0000000e+00   2.3724000e+01   5.1826000e+01
   9.5000000e+00   2.3737000e+01   5.1948000e+01
   1.0000000e+01   2.3750000e+01   5.2070000e+01
   1.0500000e+01   2.3888750e+01   5.2141000e+01
   1.1000000e+01   2.4027500e+01   5.2212000e+01
   1.1500000e+01   2.4166250e+01   5.2283000e+01
   1.2000000e+01   2.4305000e+01   5.2354000e+01
   1.2500000e+01   2.4443750e+01   5.2425000e+01
   1.3000000e+01   2.4582500e+01   5.2496000e+01
   1.3500000e+01   2.4721250e+01   5.2567000e+01
   1.4000000e+01   2.4860000e+01   5.2638000e+01
   1.4500000e+01   2.4998750e+01   5.2709000e+01
   1.5000000e+01   2.5137500e+01   5.2780000e+01
   1.5500000e+01   2.5276250e+01   5.2851000e+01
   1.6000000e+01   2.5415000e+01   5.2922000e+01
   1.6500000e+01   2.5553750e+01   5.2993000e+01
   1.7000000e+01   2.5692500e+01   5.3064000e+01
   1.7500000e+01   2.5831250e+01   5.3135000e+01
   1.8000000e+01   2.5970000e+01   5.3206000e+01
   1.8500000e+01   2.6108750e+01   5.3277000e+01
   1.9000000e+01   2.6247500e+01   5.3348000e+01
   1.9500000e+01   2.6386250e+01   5.3419000e+01
   2.0000000e+01   2.6525000e+01   5.3490000e+01
   2.0500000e+01   2.6663750e+01   5.3561000e+01
   2.1000000e+01   2.6802500e+01   5.3632000e+01
   2.1500000e+01   2.6941250e+01   5.3703000e+01
   2.2000000e+01   2.7080000e+01   5.3774000e+01
   2.2500000e+01   2.7218750e+01   5.3845000e+01
   2.3000000e+01   2.7357500e+01   5.3916000e+01
   2.3500000e+01   2.7496250e+01   5.3987000e+01
   2.4000000e+01   2.7635000e+01   5.4058000e+01
   2.4500000e+01   2.7773750e+01   5.4129000e+01
   2.5000000e+01   2.7912500e+01   5.4200000e+01
   2.5500000e+01   2.8051250e+01   5.4271000e+01
   2.6000000e+01   2.8190000e+01   5.4342000e+01
   2.6500000e+01   2.8328750e+01   5.4413000e+01
   2.7000000e+01   2.8467500e+01   5.4484000e+01
   2.7500000e+01   2.8606250e+01   5.4555000e+01
   2.8000000e+01   2.8745000e+01   5.4626000e+01
   2.8500000e+01   2.8883750e+01   5.4697000e+01
   2.9000000e+01   2.9022500e+01   5.4768000e+01
   2.9500000e+01   2.9161250e+01   5.4839000e+01
   3.0000000e+01   2.9300000e+01   5.4910000e+01
   3.0500000e+01   2.9300000e+01   5.4910000e+01
   3.1000000e+01   2.9300000e+01   5.4910000e+01
   3.1500000e+01   2.9300000e+01   5.4910000e+01
   3.2000000e+01   2.9300000e+01   5.4910000e+01
   3.2500000e+01   2.9300000e+01   5.4910000e+01
   3.3000000e+01   2.9300000e+01   5.4910000e+01
   3.3500000e+01   2.9300000e+01   5.4910000e+01
   3.4000000e+01   2.9300000e+01   5.4910000e+01
   3.4500000e+01   2.9300000e+01   5.4910000e+01
   3.5000000e+01   2.9300000e+01   5.4910000e+01
   3.5500000e+01   2.9300000e+01   5.4910000e+01
   3.6000000e+01   2.9300000e+01   5.4910000e+01
   3.6500000e+01   2.9300000e+01   5.4910000e+01
   3.7000000e+01   2.9300000e+01   5.4910000e+01
   3.7500000e+01   2.9300000e+01   5.4910000e+01
   3.8000000e+01   2.9300000e+01   5.4910000e+01
   3.8500000e+01   2.9300000e+01   5.4910000e+01
   3.9000000e+01   2.9300000e+01   5.4910000e+01
   3.9500000e+01   2.9300000e+01   5.4910000e+01
   4.0000000e+01   2.9300000e+01   5.4910000e+01
