   0.0000000e+00   1.6000000e+00   3.8968000e+01
   5.0000000e-01   1.9000000e+00   3.8627800e+01
   1.0000000e+00   2.2000000e+00   3.8287600e+01
   1.5000000e+00   2.5000000e+00   3.7947400e+01
   2.0000000e+00   2.8000000e+00   3.7607200e+01
   2.5000000e+00   3.1000000e+00   3.7267000e+01
   3.0000000e+00   3.4000000e+00   3.6926800e+01
   3.5000000e+00   3.7000000e+00   3.6586600e+01
   4.0000000e+00   4.0000000e+00   3.6246400e+01
   4.5000000e+00   4.3000000e+00   3.5906200e+01
   5.0000000e+00   4.6000000e+00   3.5566000e+01
   5.5000000e+00   5.2966667e+00   3.5833600e+01
   6.0000000e+00   5.9933333e+00   3.6101200e+01
   6.5000000e+00   6.6900000e+00   3.6368800e+01
   7.0000000e+00   7.3866667e+00   3.6636400e+01
   7.5000000e+00   8.0833333e+00   3.6904000e+01
   8.0000000e+00   8.7800000e+00   3.7171600e+01
   8.5000000e+00   9.4766667e+00   3.7439200e+01
   9.0000000e+00   1.0173333e+01   3.7706800e+01
   9.5000000e+00   1.0870000e+01   3.7974400e+01
   1.0000000e+01   1.1566667e+01   3.8242000e+01
   1.0500000e+01   1.2263333e+01   3.8416275e+01
   1.1000000e+01   1.2960000e+01   3.8590550e+01
   1.1500000e+01   1.3656667e+01   3.8764825e+01
   1.2000000e+01   1.4353333e+01   3.8939100e+01
   1.2500000e+01   1.5050000e+01   3.9113375e+01
   1.3000000e+01   1.5746667e+01   3.9287650e+01
   1.3500000e+01   1.6443333e+01   3.9461925e+01
   1.4000000e+01   1.7140000e+01   3.9636200e+01
   1.4500000e+01   1.7836667e+01   3.9810475e+01
   1.5000000e+01   1.8533333e+01   3.9984750e+01
   1.5500000e+01   1.9230000e+01   4.0159025e+01
   1.6000000e+01   1.9926667e+01   4.0333300e+01
   1.6500000e+01   2.0623333e+01   4.0507575e+01
   1.7000000e+01   2.1320000e+01   4.0681850e+01
   1.7500000e+01   2.2016667e+01   4.0856125e+01
   1.8000000e+01   2.2713333e+01   4.1030400e+01
   1.8500000e+01   2.3410000e+01   4.1204675e+01
   1.9000000e+01   2.4106667e+01   4.1378950e+01
   1.9500000e+01   2.4803333e+01   4.1553225e+01
   2.0000000e+01   2.5500000e+01   4.1727500e+01
   2.0500000e+01   2.5500000e+01   4.1901775e+01
   2.1000000e+01   2.5500000e+01   4.2076050e+01
   2.1500000e+01   2.5500000e+01   4.2250325e+01
   2.2000000e+01   2.5500000e+01   4.2424600e+01
   2.2500000e+01   2.5500000e+01   4.2598875e+01
   2.3000000e+01   2.5500000e+01   4.2773150e+01
   2.3500000e+01   2.5500000e+01   4.2947425e+01
   2.4000000e+01   2.5500000e+01   4.3121700e+01
   2.4500000e+01   2.5500000e+01   4.3295975e+01
   2.5000000e+01   2.5500000e+01   4.3470250e+01
   2.5500000e+01   2.5500000e+01   4.3644525e+01
   2.6000000e+01   2.5500000e+01   4.3818800e+01
   2.6500000e+01   2.5500000e+01   4.3993075e+01
   2.7000000e+01   2.5500000e+01   4.4167350e+01
   2.7500000e+01   2.5500000e+01   4.4341625e+01
   2.8000000e+01   2.5500000e+01   4.4515900e+01
   2.8500000e+01   2.5500000e+01   4.4690175e+01
   2.9000000e+01   2.5500000e+01   4.4864450e+01
   2.9500000e+01   2.5500000e+01   4.5038725e+01
   3.0000000e+01   2.5500000e+01   4.5213000e+01
   3.0500000e+01   2.5500000e+01   4.5213000e+01
   3.1000000e+01   2.5500000e+01   4.5213000e+01
   3.1500000e+01   2.5500000e+01   4.5213000e+01
   3.2000000e+01   2.5500000e+01   4.5213000e+01
   3.2500000e+01   2.5500000e+01   4.5213000e+01
   3.3000000e+01   2.5500000e+01   4.5213000e+01
   3.3500000e+01   2.5500000e+01   4.5213000e+01
   3.4000000e+01   2.5500000e+01   4.5213000e+01
   3.4500000e+01   2.5500000e+01   4.5213000e+01
   3.5000000e+01   2.5500000e+01   4.5213000e+01
   3.5500000e+01   2.5500000e+01   4.5213000e+01
   3.6000000e+01   2.5500000e+01   4.5213000e+01
   3.6500000e+01   2.5500000e+01   4.5213000e+01
   3.7000000e+01   2.5500000e+01   4.5213000e+01
   3.7500000e+01   2.5500000e+01   4.5213000e+01
   3.8000000e+01   2.5500000e+01   4.5213000e+01
   3.8500000e+01   2.5500000e+01   4.5213000e+01
   3.9000000e+01   2.5500000e+01   4.5213000e+01
   3.9500000e+01   2.5500000e+01   4.5213000e+01
   4.0000000e+01   2.5500000e+01   4.5213000e+01
