   0.0000000e+00   1.6000000e+00   5.0100000e+01
   5.0000000e-01   1.9000000e+00   4.7440000e+01
   1.0000000e+00   2.2000000e+00   4.4780000e+01
   1.5000000e+00   2.5000000e+00   4.2120000e+01
   2.0000000e+00   2.8000000e+00   3.9460000e+01
   2.5000000e+00   3.1000000e+00   3.6800000e+01
   3.0000000e+00   3.4000000e+00   3.4140000e+01
   3.5000000e+00   3.7000000e+00   3.1480000e+01
   4.0000000e+00   4.0000000e+00   2.8820000e+01
   4.5000000e+00   4.3000000e+00   2.6160000e+01
   5.0000000e+00   4.6000000e+00   2.3500000e+01
   5.5000000e+00   5.2966667e+00   2.5010000e+01
   6.0000000e+00   5.9933333e+00   2.6520000e+01
   6.5000000e+00   6.6900000e+00   2.8030000e+01
   7.0000000e+00   7.3866667e+00   2.9540000e+01
   7.5000000e+00   8.0833333e+00   3.1050000e+01
   8.0000000e+00   8.7800000e+00   3.2560000e+01
   8.5000000e+00   9.4766667e+00   3.4070000e+01
   9.0000000e+00   1.0173333e+01   3.5580000e+01
   9.5000000e+00   1.0870000e+01   3.7090000e+01
   1.0000000e+01   1.1566667e+01   3.8600000e+01
   1.0500000e+01   1.2263333e+01   3.8742500e+01
   1.1000000e+01   1.2960000e+01   3.8885000e+01
   1.1500000e+01   1.3656667e+01   3.9027500e+01
   1.2000000e+01   1.4353333e+01   3.9170000e+01
   1.2500000e+01   1.5050000e+01   3.9312500e+01
   1.3000000e+01   1.5746667e+01   3.9455000e+01
   1.3500000e+01   1.6443333e+01   3.9597500e+01
   1.4000000e+01   1.7140000e+01   3.9740000e+01
   1.4500000e+01   1.7836667e+01   3.9882500e+01
   1.5000000e+01   1.8533333e+01   4.0025000e+01
   1.5500000e+01   1.9230000e+01   4.0167500e+01
   1.6000000e+01   1.9926667e+01   4.0310000e+01
   1.6500000e+01   2.0623333e+01   4.0452500e+01
   1.7000000e+01   2.1320000e+01   4.0595000e+01
   1.7500000e+01   2.2016667e+01   4.0737500e+01
   1.8000000e+01   2.2713333e+01   4.0880000e+01
   1.8500000e+01   2.3410000e+01   4.1022500e+01
   1.9000000e+01   2.4106667e+01   4.1165000e+01
   1.9500000e+01   2.4803333e+01   4.1307500e+01
   2.0000000e+01   2.5500000e+01   4.1450000e+01
   2.0500000e+01   2.5500000e+01   4.1592500e+01
   2.1000000e+01   2.5500000e+01   4.1735000e+01
   2.1500000e+01   2.5500000e+01   4.1877500e+01
   2.2000000e+01   2.5500000e+01   4.2020000e+01
   2.2500000e+01   2.5500000e+01   4.2162500e+01
   2.3000000e+01   2.5500000e+01   4.2305000e+01
   2.3500000e+01   2.5500000e+01   4.2447500e+01
   2.4000000e+01   2.5500000e+01   4.2590000e+01
   2.4500000e+01   2.5500000e+01   4.2732500e+01
   2.5000000e+01   2.5500000e+01   4.2875000e+01
   2.5500000e+01   2.5500000e+01   4.3017500e+01
   2.6000000e+01   2.5500000e+01   4.3160000e+01
   2.6500000e+01   2.5500000e+01   4.3302500e+01
   2.7000000e+01   2.5500000e+01   4.3445000e+01
   2.7500000e+01   2.5500000e+01   4.3587500e+01
   2.8000000e+01   2.5500000e+01   4.3730000e+01
   2.8500000e+01   2.5500000e+01   4.3872500e+01
   2.9000000e+01   2.5500000e+01   4.4015000e+01
   2.9500000e+01   2.5500000e+01   4.4157500e+01
   3.0000000e+01   2.5500000e+01   4.4300000e+01
   3.0500000e+01   2.5500000e+01   4.4300000e+01
   3.1000000e+01   2.5500000e+01   4.4300000e+01
   3.1500000e+01   2.5500000e+01   4.4300000e+01
   3.2000000e+01   2.5500000e+01   4.4300000e+01
   3.2500000e+01   2.5500000e+01   4.4300000e+01
   3.3000000e+01   2.5500000e+01   4.4300000e+01
   3.3500000e+01   2.5500000e+01   4.4300000e+01
   3.4000000e+01   2.5500000e+01   4.4300000e+01
   3.4500000e+01   2.5500000e+01   4.4300000e+01
   3.5000000e+01   2.5500000e+01   4.4300000e+01
   3.5500000e+01   2.5500000e+01   4.4300000e+01
   3.6000000e+01   2.5500000e+01   4.4300000e+01
   3.6500000e+01   2.5500000e+01   4.4300000e+01
   3.7000000e+01   2.5500000e+01   4.4300000e+01
   3.7500000e+01   2.5500000e+01   4.4300000e+01
   3.8000000e+01   2.5500000e+01   4.4300000e+01
   3.8500000e+01   2.5500000e+01   4.4300000e+01
   3.9000000e+01   2.5500000e+01   4.4300000e+01
   3.9500000e+01   2.5500000e+01   4.4300000e+01
   4.0000000e+01   2.5500000e+01   4.4300000e+01
