   0.0000000e+00   6.0000000e-01   4.5400000e+01
   5.0000000e-01   1.0300000e+00   4.4650000e+01
   1.0000000e+00   1.4600000e+00   4.3900000e+01
   1.5000000e+00   1.8900000e+00   4.3150000e+01
   2.0000000e+00   2.3200000e+00   4.2400000e+01
   2.5000000e+00   2.7500000e+00   4.1650000e+01
   3.0000000e+00   3.1800000e+00   4.0900000e+01
   3.5000000e+00   3.6100000e+00   4.0150000e+01
   4.0000000e+00   4.0400000e+00   3.9400000e+01
   4.5000000e+00   4.4700000e+00   3.8650000e+01
   5.0000000e+00   4.9000000e+00   3.7900000e+01
   5.5000000e+00   5.5300000e+00   3.7840000e+01
   6.0000000e+00   6.1600000e+00   3.7780000e+01
   6.5000000e+00   6.7900000e+00   3.7720000e+01
   7.0000000e+00   7.4200000e+00   3.7660000e+01
   7.5000000e+00   8.0500000e+00   3.7600000e+01
   8.0000000e+00   8.6800000e+00   3.7540000e+01
   8.5000000e+00   9.3100000e+00   3.7480000e+01
   9.0000000e+00   9.9400000e+00   3.7420000e+01
   9.5000000e+00   1.0570000e+01   3.7360000e+01
   1.0000000e+01   1.1200000e+01   3.7300000e+01
   1.0500000e+01   1.1645000e+01   3.7555000e+01
   1.1000000e+01   1.2090000e+01   3.7810000e+01
   1.1500000e+01   1.2535000e+01   3.8065000e+01
   1.2000000e+01   1.2980000e+01   3.8320000e+01
   1.2500000e+01   1.3425000e+01   3.8575000e+01
   1.3000000e+01   1.3870000e+01   3.8830000e+01
   1.3500000e+01   1.4315000e+01   3.9085000e+01
   1.4000000e+01   1.4760000e+01   3.9340000e+01
   1.4500000e+01   1.5205000e+01   3.9595000e+01
   1.5000000e+01   1.5650000e+01   3.9850000e+01
   1.5500000e+01   1.6095000e+01   4.0105000e+01
   1.6000000e+01   1.6540000e+01   4.0360000e+01
   1.6500000e+01   1.6985000e+01   4.0615000e+01
   1.7000000e+01   1.7430000e+01   4.0870000e+01
   1.7500000e+01   1.7875000e+01   4.1125000e+01
   1.8000000e+01   1.8320000e+01   4.1380000e+01
   1.8500000e+01   1.8765000e+01   4.1635000e+01
   1.9000000e+01   1.9210000e+01   4.1890000e+01
   1.9500000e+01   1.9655000e+01   4.2145000e+01
   2.0000000e+01   2.0100000e+01   4.2400000e+01
   2.0500000e+01   2.0545000e+01   4.2655000e+01
   2.1000000e+01   2.0990000e+01   4.2910000e+01
   2.1500000e+01   2.1435000e+01   4.3165000e+01
   2.2000000e+01   2.1880000e+01   4.3420000e+01
   2.2500000e+01   2.2325000e+01   4.3675000e+01
   2.3000000e+01   2.2770000e+01   4.3930000e+01
   2.3500000e+01   2.3215000e+01   4.4185000e+01
   2.4000000e+01   2.3660000e+01   4.4440000e+01
   2.4500000e+01   2.4105000e+01   4.4695000e+01
   2.5000000e+01   2.4550000e+01   4.4950000e+01
   2.5500000e+01   2.4995000e+01   4.5205000e+01
   2.6000000e+01   2.5440000e+01   4.5460000e+01
   2.6500000e+01   2.5885000e+01   4.5715000e+01
   2.7000000e+01   2.6330000e+01   4.5970000e+01
   2.7500000e+01   2.6775000e+01   4.6225000e+01
   2.8000000e+01   2.7220000e+01   4.6480000e+01
   2.8500000e+01   2.7665000e+01   4.6735000e+01
   2.9000000e+01   2.8110000e+01   4.6990000e+01
   2.9500000e+01   2.8555000e+01   4.7245000e+01
   3.0000000e+01   2.9000000e+01   4.7500000e+01
   3.0500000e+01   2.9000000e+01   4.7500000e+01
   3.1000000e+01   2.9000000e+01   4.7500000e+01
   3.1500000e+01   2.9000000e+01   4.7500000e+01
   3.2000000e+01   2.9000000e+01   4.7500000e+01
   3.2500000e+01   2.9000000e+01   4.7500000e+01
   3.3000000e+01   2.9000000e+01   4.7500000e+01
   3.3500000e+01   2.9000000e+01   4.7500000e+01
   3.4000000e+01   2.9000000e+01   4.7500000e+01
   3.4500000e+01   2.9000000e+01   4.7500000e+01
   3.5000000e+01   2.9000000e+01   4.7500000e+01
   3.5500000e+01   2.9000000e+01   4.7500000e+01
   3.6000000e+01   2.9000000e+01   4.7500000e+01
   3.6500000e+01   2.9000000e+01   4.7500000e+01
   3.7000000e+01   2.9000000e+01   4.7500000e+01
   3.7500000e+01   2.9000000e+01   4.7500000e+01
   3.8000000e+01   2.9000000e+01   4.7500000e+01
   3.8500000e+01   2.9000000e+01   4.7500000e+01
   3.9000000e+01   2.9000000e+01   4.7500000e+01
   3.9500000e+01   2.9000000e+01   4.7500000e+01
   4.0000000e+01   2.9000000e+01   4.7500000e+01
