   0.0000000e+00   1.6000000e+00   4.8560000e+00
   5.0000000e-01   1.9000000e+00   4.9139000e+00
   1.0000000e+00   2.2000000e+00   4.9718000e+00
   1.5000000e+00   2.5000000e+00   5.0297000e+00
   2.0000000e+00   2.8000000e+00   5.0876000e+00
   2.5000000e+00   3.1000000e+00   5.1455000e+00
   3.0000000e+00   3.4000000e+00   5.2034000e+00
   3.5000000e+00   3.7000000e+00   5.2613000e+00
   4.0000000e+00   4.0000000e+00   5.3192000e+00
   4.5000000e+00   4.3000000e+00   5.3771000e+00
   5.0000000e+00   4.6000000e+00   5.4350000e+00
   5.5000000e+00   5.2966667e+00   5.9310000e+00
   6.0000000e+00   5.9933333e+00   6.4270000e+00
   6.5000000e+00   6.6900000e+00   6.9230000e+00
   7.0000000e+00   7.3866667e+00   7.4190000e+00
   7.5000000e+00   8.0833333e+00   7.9150000e+00
   8.0000000e+00   8.7800000e+00   8.4110000e+00
   8.5000000e+00   9.4766667e+00   8.9070000e+00
   9.0000000e+00   1.0173333e+01   9.4030000e+00
   9.5000000e+00   1.0870000e+01   9.8990000e+00
   1.0000000e+01   1.1566667e+01   1.0395000e+01
   1.0500000e+01   1.2263333e+01   1.0839400e+01
   1.1000000e+01   1.2960000e+01   1.1283800e+01
   1.1500000e+01   1.3656667e+01   1.1728200e+01
   1.2000000e+01   1.4353333e+01   1.2172600e+01
   1.2500000e+01   1.5050000e+01   1.2617000e+01
   1.3000000e+01   1.5746667e+01   1.3061400e+01
   1.3500000e+01   1.6443333e+01   1.3505800e+01
   1.4000000e+01   1.7140000e+01   1.3950200e+01
   1.4500000e+01   1.7836667e+01   1.4394600e+01
   1.5000000e+01   1.8533333e+01   1.4839000e+01
   1.5500000e+01   1.9230000e+01   1.5283400e+01
   1.6000000e+01   1.9926667e+01   1.5727800e+01
   1.6500000e+01   2.0623333e+01   1.6172200e+01
   1.7000000e+01   2.1320000e+01   1.6616600e+01
   1.7500000e+01   2.2016667e+01   1.7061000e+01
   1.8000000e+01   2.2713333e+01   1.7505400e+01
   1.8500000e+01   2.3410000e+01   1.7949800e+01
   1.9000000e+01   2.4106667e+01   1.8394200e+01
   1.9500000e+01   2.4803333e+01   1.8838600e+01
   2.0000000e+01   2.5500000e+01   1.9283000e+01
   2.0500000e+01   2.5500000e+01   1.9727400e+01
   2.1000000e+01   2.5500000e+01   2.0171800e+01
   2.1500000e+01   2.5500000e+01   2.0616200e+01
   2.2000000e+01   2.5500000e+01   2.1060600e+01
   2.2500000e+01   2.5500000e+01   2.1505000e+01
   2.3000000e+01   2.5500000e+01   2.1949400e+01
   2.3500000e+01   2.5500000e+01   2.2393800e+01
   2.4000000e+01   2.5500000e+01   2.2838200e+01
   2.4500000e+01   2.5500000e+01   2.3282600e+01
   2.5000000e+01   2.5500000e+01   2.3727000e+01
   2.5500000e+01   2.5500000e+01   2.4171400e+01
   2.6000000e+01   2.5500000e+01   2.4615800e+01
   2.6500000e+01   2.5500000e+01   2.5060200e+01
   2.7000000e+01   2.5500000e+01   2.5504600e+01
   2.7500000e+01   2.5500000e+01   2.5949000e+01
   2.8000000e+01   2.5500000e+01   2.6393400e+01
   2.8500000e+01   2.5500000e+01   2.6837800e+01
   2.9000000e+01   2.5500000e+01   2.7282200e+01
   2.9500000e+01   2.5500000e+01   2.7726600e+01
   3.0000000e+01   2.5500000e+01   2.8171000e+01
   3.0500000e+01   2.5500000e+01   2.8171000e+01
   3.1000000e+01   2.5500000e+01   2.8171000e+01
   3.1500000e+01   2.5500000e+01   2.8171000e+01
   3.2000000e+01   2.5500000e+01   2.8171000e+01
   3.2500000e+01   2.5500000e+01   2.8171000e+01
   3.3000000e+01   2.5500000e+01   2.8171000e+01
   3.3500000e+01   2.5500000e+01   2.8171000e+01
   3.4000000e+01   2.5500000e+01   2.8171000e+01
   3.4500000e+01   2.5500000e+01   2.8171000e+01
   3.5000000e+01   2.5500000e+01   2.8171000e+01
   3.5500000e+01   2.5500000e+01   2.8171000e+01
   3.6000000e+01   2.5500000e+01   2.8171000e+01
   3.6500000e+01   2.5500000e+01   2.8171000e+01
   3.7000000e+01   2.5500000e+01   2.8171000e+01
   3.7500000e+01   2.5500000e+01   2.8171000e+01
   3.8000000e+01   2.5500000e+01   2.8171000e+01
   3.8500000e+01   2.5500000e+01   2.8171000e+01
   3.9000000e+01   2.5500000e+01   2.8171000e+01
   3.9500000e+01   2.5500000e+01   2.8171000e+01
   4.0000000e+01   2.5500000e+01   2.8171000e+01
