   0.0000000e+00   2.4400000e+01   5.7800000e+01
   5.0000000e-01   2.4370000e+01   5.7870000e+01
   1.0000000e+00   2.4340000e+01   5.7940000e+01
   1.5000000e+00   2.4310000e+01   5.8010000e+01
   2.0000000e+00   2.4280000e+01   5.8080000e+01
   2.5000000e+00   2.4250000e+01   5.8150000e+01
   3.0000000e+00   2.4220000e+01   5.8220000e+01
   3.5000000e+00   2.4190000e+01   5.8290000e+01
   4.0000000e+00   2.4160000e+01   5.8360000e+01
   4.5000000e+00   2.4130000e+01   5.8430000e+01
   5.0000000e+00   2.4100000e+01   5.8500000e+01
   5.5000000e+00   2.4290000e+01   5.8480000e+01
   6.0000000e+00   2.4480000e+01   5.8460000e+01
   6.5000000e+00   2.4670000e+01   5.8440000e+01
   7.0000000e+00   2.4860000e+01   5.8420000e+01
   7.5000000e+00   2.5050000e+01   5.8400000e+01
   8.0000000e+00   2.5240000e+01   5.8380000e+01
   8.5000000e+00   2.5430000e+01   5.8360000e+01
   9.0000000e+00   2.5620000e+01   5.8340000e+01
   9.5000000e+00   2.5810000e+01   5.8320000e+01
   1.0000000e+01   2.6000000e+01   5.8300000e+01
   1.0500000e+01   2.6095000e+01   5.8395000e+01
   1.1000000e+01   2.6190000e+01   5.8490000e+01
   1.1500000e+01   2.6285000e+01   5.8585000e+01
   1.2000000e+01   2.6380000e+01   5.8680000e+01
   1.2500000e+01   2.6475000e+01   5.8775000e+01
   1.3000000e+01   2.6570000e+01   5.8870000e+01
   1.3500000e+01   2.6665000e+01   5.8965000e+01
   1.4000000e+01   2.6760000e+01   5.9060000e+01
   1.4500000e+01   2.6855000e+01   5.9155000e+01
   1.5000000e+01   2.6950000e+01   5.9250000e+01
   1.5500000e+01   2.7045000e+01   5.9345000e+01
   1.6000000e+01   2.7140000e+01   5.9440000e+01
   1.6500000e+01   2.7235000e+01   5.9535000e+01
   1.7000000e+01   2.7330000e+01   5.9630000e+01
   1.7500000e+01   2.7425000e+01   5.9725000e+01
   1.8000000e+01   2.7520000e+01   5.9820000e+01
   1.8500000e+01   2.7615000e+01   5.9915000e+01
   1.9000000e+01   2.7710000e+01   6.0010000e+01
   1.9500000e+01   2.7805000e+01   6.0105000e+01
   2.0000000e+01   2.7900000e+01   6.0200000e+01
   2.0500000e+01   2.7995000e+01   6.0295000e+01
   2.1000000e+01   2.8090000e+01   6.0390000e+01
   2.1500000e+01   2.8185000e+01   6.0485000e+01
   2.2000000e+01   2.8280000e+01   6.0580000e+01
   2.2500000e+01   2.8375000e+01   6.0675000e+01
   2.3000000e+01   2.8470000e+01   6.0770000e+01
   2.3500000e+01   2.8565000e+01   6.0865000e+01
   2.4000000e+01   2.8660000e+01   6.0960000e+01
   2.4500000e+01   2.8755000e+01   6.1055000e+01
   2.5000000e+01   2.8850000e+01   6.1150000e+01
   2.5500000e+01   2.8945000e+01   6.1245000e+01
   2.6000000e+01   2.9040000e+01   6.1340000e+01
   2.6500000e+01   2.9135000e+01   6.1435000e+01
   2.7000000e+01   2.9230000e+01   6.1530000e+01
   2.7500000e+01   2.9325000e+01   6.1625000e+01
   2.8000000e+01   2.9420000e+01   6.1720000e+01
   2.8500000e+01   2.9515000e+01   6.1815000e+01
   2.9000000e+01   2.9610000e+01   6.1910000e+01
   2.9500000e+01   2.9705000e+01   6.2005000e+01
   3.0000000e+01   2.9800000e+01   6.2100000e+01
   3.0500000e+01   2.9800000e+01   6.2100000e+01
   3.1000000e+01   2.9800000e+01   6.2100000e+01
   3.1500000e+01   2.9800000e+01   6.2100000e+01
   3.2000000e+01   2.9800000e+01   6.2100000e+01
   3.2500000e+01   2.9800000e+01   6.2100000e+01
   3.3000000e+01   2.9800000e+01   6.2100000e+01
   3.3500000e+01   2.9800000e+01   6.2100000e+01
   3.4000000e+01   2.9800000e+01   6.2100000e+01
   3.4500000e+01   2.9800000e+01   6.2100000e+01
   3.5000000e+01   2.9800000e+01   6.2100000e+01
   3.5500000e+01   2.9800000e+01   6.2100000e+01
   3.6000000e+01   2.9800000e+01   6.2100000e+01
   3.6500000e+01   2.9800000e+01   6.2100000e+01
   3.7000000e+01   2.9800000e+01   6.2100000e+01
   3.7500000e+01   2.9800000e+01   6.2100000e+01
   3.8000000e+01   2.9800000e+01   6.2100000e+01
   3.8500000e+01   2.9800000e+01   6.2100000e+01
   3.9000000e+01   2.9800000e+01   6.2100000e+01
   3.9500000e+01   2.9800000e+01   6.2100000e+01
   4.0000000e+01   2.9800000e+01   6.2100000e+01
