   0.0000000e+00   2.7651000e+01   5.5644000e+01
   5.0000000e-01   2.6707200e+01   5.3557000e+01
   1.0000000e+00   2.5763400e+01   5.1470000e+01
   1.5000000e+00   2.4819600e+01   4.9383000e+01
   2.0000000e+00   2.3875800e+01   4.7296000e+01
   2.5000000e+00   2.2932000e+01   4.5209000e+01
   3.0000000e+00   2.1988200e+01   4.3122000e+01
   3.5000000e+00   2.1044400e+01   4.1035000e+01
   4.0000000e+00   2.0100600e+01   3.8948000e+01
   4.5000000e+00   1.9156800e+01   3.6861000e+01
   5.0000000e+00   1.8213000e+01   3.4774000e+01
   5.5000000e+00   1.7839400e+01   3.3990700e+01
   6.0000000e+00   1.7465800e+01   3.3207400e+01
   6.5000000e+00   1.7092200e+01   3.2424100e+01
   7.0000000e+00   1.6718600e+01   3.1640800e+01
   7.5000000e+00   1.6345000e+01   3.0857500e+01
   8.0000000e+00   1.5971400e+01   3.0074200e+01
   8.5000000e+00   1.5597800e+01   2.9290900e+01
   9.0000000e+00   1.5224200e+01   2.8507600e+01
   9.5000000e+00   1.4850600e+01   2.7724300e+01
   1.0000000e+01   1.4477000e+01   2.6941000e+01
   1.0500000e+01   1.4866150e+01   2.7624275e+01
   1.1000000e+01   1.5255300e+01   2.8307550e+01
   1.1500000e+01   1.5644450e+01   2.8990825e+01
   1.2000000e+01   1.6033600e+01   2.9674100e+01
   1.2500000e+01   1.6422750e+01   3.0357375e+01
   1.3000000e+01   1.6811900e+01   3.1040650e+01
   1.3500000e+01   1.7201050e+01   3.1723925e+01
   1.4000000e+01   1.7590200e+01   3.2407200e+01
   1.4500000e+01   1.7979350e+01   3.3090475e+01
   1.5000000e+01   1.8368500e+01   3.3773750e+01
   1.5500000e+01   1.8757650e+01   3.4457025e+01
   1.6000000e+01   1.9146800e+01   3.5140300e+01
   1.6500000e+01   1.9535950e+01   3.5823575e+01
   1.7000000e+01   1.9925100e+01   3.6506850e+01
   1.7500000e+01   2.0314250e+01   3.7190125e+01
   1.8000000e+01   2.0703400e+01   3.7873400e+01
   1.8500000e+01   2.1092550e+01   3.8556675e+01
   1.9000000e+01   2.1481700e+01   3.9239950e+01
   1.9500000e+01   2.1870850e+01   3.9923225e+01
   2.0000000e+01   2.2260000e+01   4.0606500e+01
   2.0500000e+01   2.2649150e+01   4.1289775e+01
   2.1000000e+01   2.3038300e+01   4.1973050e+01
   2.1500000e+01   2.3427450e+01   4.2656325e+01
   2.2000000e+01   2.3816600e+01   4.3339600e+01
   2.2500000e+01   2.4205750e+01   4.4022875e+01
   2.3000000e+01   2.4594900e+01   4.4706150e+01
   2.3500000e+01   2.4984050e+01   4.5389425e+01
   2.4000000e+01   2.5373200e+01   4.6072700e+01
   2.4500000e+01   2.5762350e+01   4.6755975e+01
   2.5000000e+01   2.6151500e+01   4.7439250e+01
   2.5500000e+01   2.6540650e+01   4.8122525e+01
   2.6000000e+01   2.6929800e+01   4.8805800e+01
   2.6500000e+01   2.7318950e+01   4.9489075e+01
   2.7000000e+01   2.7708100e+01   5.0172350e+01
   2.7500000e+01   2.8097250e+01   5.0855625e+01
   2.8000000e+01   2.8486400e+01   5.1538900e+01
   2.8500000e+01   2.8875550e+01   5.2222175e+01
   2.9000000e+01   2.9264700e+01   5.2905450e+01
   2.9500000e+01   2.9653850e+01   5.3588725e+01
   3.0000000e+01   3.0043000e+01   5.4272000e+01
   3.0500000e+01   3.0043000e+01   5.4272000e+01
   3.1000000e+01   3.0043000e+01   5.4272000e+01
   3.1500000e+01   3.0043000e+01   5.4272000e+01
   3.2000000e+01   3.0043000e+01   5.4272000e+01
   3.2500000e+01   3.0043000e+01   5.4272000e+01
   3.3000000e+01   3.0043000e+01   5.4272000e+01
   3.3500000e+01   3.0043000e+01   5.4272000e+01
   3.4000000e+01   3.0043000e+01   5.4272000e+01
   3.4500000e+01   3.0043000e+01   5.4272000e+01
   3.5000000e+01   3.0043000e+01   5.4272000e+01
   3.5500000e+01   3.0043000e+01   5.4272000e+01
   3.6000000e+01   3.0043000e+01   5.4272000e+01
   3.6500000e+01   3.0043000e+01   5.4272000e+01
   3.7000000e+01   3.0043000e+01   5.4272000e+01
   3.7500000e+01   3.0043000e+01   5.4272000e+01
   3.8000000e+01   3.0043000e+01   5.4272000e+01
   3.8500000e+01   3.0043000e+01   5.4272000e+01
   3.9000000e+01   3.0043000e+01   5.4272000e+01
   3.9500000e+01   3.0043000e+01   5.4272000e+01
   4.0000000e+01   3.0043000e+01   5.4272000e+01
