   0.0000000e+00   2.0590000e+01   5.5430000e+01
   5.0000000e-01   2.0689000e+01   5.5181000e+01
   1.0000000e+00   2.0788000e+01   5.4932000e+01
   1.5000000e+00   2.0887000e+01   5.4683000e+01
   2.0000000e+00   2.0986000e+01   5.4434000e+01
   2.5000000e+00   2.1085000e+01   5.4185000e+01
   3.0000000e+00   2.1184000e+01   5.3936000e+01
   3.5000000e+00   2.1283000e+01   5.3687000e+01
   4.0000000e+00   2.1382000e+01   5.3438000e+01
   4.5000000e+00   2.1481000e+01   5.3189000e+01
   5.0000000e+00   2.1580000e+01   5.2940000e+01
   5.5000000e+00   2.2092000e+01   5.2586000e+01
   6.0000000e+00   2.2604000e+01   5.2232000e+01
   6.5000000e+00   2.3116000e+01   5.1878000e+01
   7.0000000e+00   2.3628000e+01   5.1524000e+01
   7.5000000e+00   2.4140000e+01   5.1170000e+01
   8.0000000e+00   2.4652000e+01   5.0816000e+01
   8.5000000e+00   2.5164000e+01   5.0462000e+01
   9.0000000e+00   2.5676000e+01   5.0108000e+01
   9.5000000e+00   2.6188000e+01   4.9754000e+01
   1.0000000e+01   2.6700000e+01   4.9400000e+01
   1.0500000e+01   2.6743500e+01   4.9430750e+01
   1.1000000e+01   2.6787000e+01   4.9461500e+01
   1.1500000e+01   2.6830500e+01   4.9492250e+01
   1.2000000e+01   2.6874000e+01   4.9523000e+01
   1.2500000e+01   2.6917500e+01   4.9553750e+01
   1.3000000e+01   2.6961000e+01   4.9584500e+01
   1.3500000e+01   2.7004500e+01   4.9615250e+01
   1.4000000e+01   2.7048000e+01   4.9646000e+01
   1.4500000e+01   2.7091500e+01   4.9676750e+01
   1.5000000e+01   2.7135000e+01   4.9707500e+01
   1.5500000e+01   2.7178500e+01   4.9738250e+01
   1.6000000e+01   2.7222000e+01   4.9769000e+01
   1.6500000e+01   2.7265500e+01   4.9799750e+01
   1.7000000e+01   2.7309000e+01   4.9830500e+01
   1.7500000e+01   2.7352500e+01   4.9861250e+01
   1.8000000e+01   2.7396000e+01   4.9892000e+01
   1.8500000e+01   2.7439500e+01   4.9922750e+01
   1.9000000e+01   2.7483000e+01   4.9953500e+01
   1.9500000e+01   2.7526500e+01   4.9984250e+01
   2.0000000e+01   2.7570000e+01   5.0015000e+01
   2.0500000e+01   2.7613500e+01   5.0045750e+01
   2.1000000e+01   2.7657000e+01   5.0076500e+01
   2.1500000e+01   2.7700500e+01   5.0107250e+01
   2.2000000e+01   2.7744000e+01   5.0138000e+01
   2.2500000e+01   2.7787500e+01   5.0168750e+01
   2.3000000e+01   2.7831000e+01   5.0199500e+01
   2.3500000e+01   2.7874500e+01   5.0230250e+01
   2.4000000e+01   2.7918000e+01   5.0261000e+01
   2.4500000e+01   2.7961500e+01   5.0291750e+01
   2.5000000e+01   2.8005000e+01   5.0322500e+01
   2.5500000e+01   2.8048500e+01   5.0353250e+01
   2.6000000e+01   2.8092000e+01   5.0384000e+01
   2.6500000e+01   2.8135500e+01   5.0414750e+01
   2.7000000e+01   2.8179000e+01   5.0445500e+01
   2.7500000e+01   2.8222500e+01   5.0476250e+01
   2.8000000e+01   2.8266000e+01   5.0507000e+01
   2.8500000e+01   2.8309500e+01   5.0537750e+01
   2.9000000e+01   2.8353000e+01   5.0568500e+01
   2.9500000e+01   2.8396500e+01   5.0599250e+01
   3.0000000e+01   2.8440000e+01   5.0630000e+01
   3.0500000e+01   2.8440000e+01   5.0630000e+01
   3.1000000e+01   2.8440000e+01   5.0630000e+01
   3.1500000e+01   2.8440000e+01   5.0630000e+01
   3.2000000e+01   2.8440000e+01   5.0630000e+01
   3.2500000e+01   2.8440000e+01   5.0630000e+01
   3.3000000e+01   2.8440000e+01   5.0630000e+01
   3.3500000e+01   2.8440000e+01   5.0630000e+01
   3.4000000e+01   2.8440000e+01   5.0630000e+01
   3.4500000e+01   2.8440000e+01   5.0630000e+01
   3.5000000e+01   2.8440000e+01   5.0630000e+01
   3.5500000e+01   2.8440000e+01   5.0630000e+01
   3.6000000e+01   2.8440000e+01   5.0630000e+01
   3.6500000e+01   2.8440000e+01   5.0630000e+01
   3.7000000e+01   2.8440000e+01   5.0630000e+01
   3.7500000e+01   2.8440000e+01   5.0630000e+01
   3.8000000e+01   2.8440000e+01   5.0630000e+01
   3.8500000e+01   2.8440000e+01   5.0630000e+01
   3.9000000e+01   2.8440000e+01   5.0630000e+01
   3.9500000e+01   2.8440000e+01   5.0630000e+01
   4.0000000e+01   2.8440000e+01   5.0630000e+01
