   0.0000000e+00   1.6000000e+00   2.8000000e+01
   5.0000000e-01   3.2200000e+00   2.9630000e+01
   1.0000000e+00   4.8400000e+00   3.1260000e+01
   1.5000000e+00   6.4600000e+00   3.2890000e+01
   2.0000000e+00   8.0800000e+00   3.4520000e+01
   2.5000000e+00   9.7000000e+00   3.6150000e+01
   3.0000000e+00   1.1320000e+01   3.7780000e+01
   3.5000000e+00   1.2940000e+01   3.9410000e+01
   4.0000000e+00   1.4560000e+01   4.1040000e+01
   4.5000000e+00   1.6180000e+01   4.2670000e+01
   5.0000000e+00   1.7800000e+01   4.4300000e+01
   5.5000000e+00   1.8620000e+01   4.4580000e+01
   6.0000000e+00   1.9440000e+01   4.4860000e+01
   6.5000000e+00   2.0260000e+01   4.5140000e+01
   7.0000000e+00   2.1080000e+01   4.5420000e+01
   7.5000000e+00   2.1900000e+01   4.5700000e+01
   8.0000000e+00   2.2720000e+01   4.5980000e+01
   8.5000000e+00   2.3540000e+01   4.6260000e+01
   9.0000000e+00   2.4360000e+01   4.6540000e+01
   9.5000000e+00   2.5180000e+01   4.6820000e+01
   1.0000000e+01   2.6000000e+01   4.7100000e+01
   1.0500000e+01   2.6042500e+01   4.7152500e+01
   1.1000000e+01   2.6085000e+01   4.7205000e+01
   1.1500000e+01   2.6127500e+01   4.7257500e+01
   1.2000000e+01   2.6170000e+01   4.7310000e+01
   1.2500000e+01   2.6212500e+01   4.7362500e+01
   1.3000000e+01   2.6255000e+01   4.7415000e+01
   1.3500000e+01   2.6297500e+01   4.7467500e+01
   1.4000000e+01   2.6340000e+01   4.7520000e+01
   1.4500000e+01   2.6382500e+01   4.7572500e+01
   1.5000000e+01   2.6425000e+01   4.7625000e+01
   1.5500000e+01   2.6467500e+01   4.7677500e+01
   1.6000000e+01   2.6510000e+01   4.7730000e+01
   1.6500000e+01   2.6552500e+01   4.7782500e+01
   1.7000000e+01   2.6595000e+01   4.7835000e+01
   1.7500000e+01   2.6637500e+01   4.7887500e+01
   1.8000000e+01   2.6680000e+01   4.7940000e+01
   1.8500000e+01   2.6722500e+01   4.7992500e+01
   1.9000000e+01   2.6765000e+01   4.8045000e+01
   1.9500000e+01   2.6807500e+01   4.8097500e+01
   2.0000000e+01   2.6850000e+01   4.8150000e+01
   2.0500000e+01   2.6892500e+01   4.8202500e+01
   2.1000000e+01   2.6935000e+01   4.8255000e+01
   2.1500000e+01   2.6977500e+01   4.8307500e+01
   2.2000000e+01   2.7020000e+01   4.8360000e+01
   2.2500000e+01   2.7062500e+01   4.8412500e+01
   2.3000000e+01   2.7105000e+01   4.8465000e+01
   2.3500000e+01   2.7147500e+01   4.8517500e+01
   2.4000000e+01   2.7190000e+01   4.8570000e+01
   2.4500000e+01   2.7232500e+01   4.8622500e+01
   2.5000000e+01   2.7275000e+01   4.8675000e+01
   2.5500000e+01   2.7317500e+01   4.8727500e+01
   2.6000000e+01   2.7360000e+01   4.8780000e+01
   2.6500000e+01   2.7402500e+01   4.8832500e+01
   2.7000000e+01   2.7445000e+01   4.8885000e+01
   2.7500000e+01   2.7487500e+01   4.8937500e+01
   2.8000000e+01   2.7530000e+01   4.8990000e+01
   2.8500000e+01   2.7572500e+01   4.9042500e+01
   2.9000000e+01   2.7615000e+01   4.9095000e+01
   2.9500000e+01   2.7657500e+01   4.9147500e+01
   3.0000000e+01   2.7700000e+01   4.9200000e+01
   3.0500000e+01   2.7700000e+01   4.9200000e+01
   3.1000000e+01   2.7700000e+01   4.9200000e+01
   3.1500000e+01   2.7700000e+01   4.9200000e+01
   3.2000000e+01   2.7700000e+01   4.9200000e+01
   3.2500000e+01   2.7700000e+01   4.9200000e+01
   3.3000000e+01   2.7700000e+01   4.9200000e+01
   3.3500000e+01   2.7700000e+01   4.9200000e+01
   3.4000000e+01   2.7700000e+01   4.9200000e+01
   3.4500000e+01   2.7700000e+01   4.9200000e+01
   3.5000000e+01   2.7700000e+01   4.9200000e+01
   3.5500000e+01   2.7700000e+01   4.9200000e+01
   3.6000000e+01   2.7700000e+01   4.9200000e+01
   3.6500000e+01   2.7700000e+01   4.9200000e+01
   3.7000000e+01   2.7700000e+01   4.9200000e+01
   3.7500000e+01   2.7700000e+01   4.9200000e+01
   3.8000000e+01   2.7700000e+01   4.9200000e+01
   3.8500000e+01   2.7700000e+01   4.9200000e+01
   3.9000000e+01   2.7700000e+01   4.9200000e+01
   3.9500000e+01   2.7700000e+01   4.9200000e+01
   4.0000000e+01   2.7700000e+01   4.9200000e+01
