   0.0000000e+00   4.1940000e+00   1.6856000e+01
   5.0000000e-01   4.5714000e+00   1.7523500e+01
   1.0000000e+00   4.9488000e+00   1.8191000e+01
   1.5000000e+00   5.3262000e+00   1.8858500e+01
   2.0000000e+00   5.7036000e+00   1.9526000e+01
   2.5000000e+00   6.0810000e+00   2.0193500e+01
   3.0000000e+00   6.4584000e+00   2.0861000e+01
   3.5000000e+00   6.8358000e+00   2.1528500e+01
   4.0000000e+00   7.2132000e+00   2.2196000e+01
   4.5000000e+00   7.5906000e+00   2.2863500e+01
   5.0000000e+00   7.9680000e+00   2.3531000e+01
   5.5000000e+00   9.5051000e+00   2.5548000e+01
   6.0000000e+00   1.1042200e+01   2.7565000e+01
   6.5000000e+00   1.2579300e+01   2.9582000e+01
   7.0000000e+00   1.4116400e+01   3.1599000e+01
   7.5000000e+00   1.5653500e+01   3.3616000e+01
   8.0000000e+00   1.7190600e+01   3.5633000e+01
   8.5000000e+00   1.8727700e+01   3.7650000e+01
   9.0000000e+00   2.0264800e+01   3.9667000e+01
   9.5000000e+00   2.1801900e+01   4.1684000e+01
   1.0000000e+01   2.3339000e+01   4.3701000e+01
   1.0500000e+01   2.3637575e+01   4.4202000e+01
   1.1000000e+01   2.3936150e+01   4.4703000e+01
   1.1500000e+01   2.4234725e+01   4.5204000e+01
   1.2000000e+01   2.4533300e+01   4.5705000e+01
   1.2500000e+01   2.4831875e+01   4.6206000e+01
   1.3000000e+01   2.5130450e+01   4.6707000e+01
   1.3500000e+01   2.5429025e+01   4.7208000e+01
   1.4000000e+01   2.5727600e+01   4.7709000e+01
   1.4500000e+01   2.6026175e+01   4.8210000e+01
   1.5000000e+01   2.6324750e+01   4.8711000e+01
   1.5500000e+01   2.6623325e+01   4.9212000e+01
   1.6000000e+01   2.6921900e+01   4.9713000e+01
   1.6500000e+01   2.7220475e+01   5.0214000e+01
   1.7000000e+01   2.7519050e+01   5.0715000e+01
   1.7500000e+01   2.7817625e+01   5.1216000e+01
   1.8000000e+01   2.8116200e+01   5.1717000e+01
   1.8500000e+01   2.8414775e+01   5.2218000e+01
   1.9000000e+01   2.8713350e+01   5.2719000e+01
   1.9500000e+01   2.9011925e+01   5.3220000e+01
   2.0000000e+01   2.9310500e+01   5.3721000e+01
   2.0500000e+01   2.9609075e+01   5.4222000e+01
   2.1000000e+01   2.9907650e+01   5.4723000e+01
   2.1500000e+01   3.0206225e+01   5.5224000e+01
   2.2000000e+01   3.0504800e+01   5.5725000e+01
   2.2500000e+01   3.0803375e+01   5.6226000e+01
   2.3000000e+01   3.1101950e+01   5.6727000e+01
   2.3500000e+01   3.1400525e+01   5.7228000e+01
   2.4000000e+01   3.1699100e+01   5.7729000e+01
   2.4500000e+01   3.1997675e+01   5.8230000e+01
   2.5000000e+01   3.2296250e+01   5.8731000e+01
   2.5500000e+01   3.2594825e+01   5.9232000e+01
   2.6000000e+01   3.2893400e+01   5.9733000e+01
   2.6500000e+01   3.3191975e+01   6.0234000e+01
   2.7000000e+01   3.3490550e+01   6.0735000e+01
   2.7500000e+01   3.3789125e+01   6.1236000e+01
   2.8000000e+01   3.4087700e+01   6.1737000e+01
   2.8500000e+01   3.4386275e+01   6.2238000e+01
   2.9000000e+01   3.4684850e+01   6.2739000e+01
   2.9500000e+01   3.4983425e+01   6.3240000e+01
   3.0000000e+01   3.5282000e+01   6.3741000e+01
   3.0500000e+01   3.5282000e+01   6.3741000e+01
   3.1000000e+01   3.5282000e+01   6.3741000e+01
   3.1500000e+01   3.5282000e+01   6.3741000e+01
   3.2000000e+01   3.5282000e+01   6.3741000e+01
   3.2500000e+01   3.5282000e+01   6.3741000e+01
   3.3000000e+01   3.5282000e+01   6.3741000e+01
   3.3500000e+01   3.5282000e+01   6.3741000e+01
   3.4000000e+01   3.5282000e+01   6.3741000e+01
   3.4500000e+01   3.5282000e+01   6.3741000e+01
   3.5000000e+01   3.5282000e+01   6.3741000e+01
   3.5500000e+01   3.5282000e+01   6.3741000e+01
   3.6000000e+01   3.5282000e+01   6.3741000e+01
   3.6500000e+01   3.5282000e+01   6.3741000e+01
   3.7000000e+01   3.5282000e+01   6.3741000e+01
   3.7500000e+01   3.5282000e+01   6.3741000e+01
   3.8000000e+01   3.5282000e+01   6.3741000e+01
   3.8500000e+01   3.5282000e+01   6.3741000e+01
   3.9000000e+01   3.5282000e+01   6.3741000e+01
   3.9500000e+01   3.5282000e+01   6.3741000e+01
   4.0000000e+01   3.5282000e+01   6.3741000e+01
