   0.0000000e+00   1.6000000e+00   1.7463000e+01
   5.0000000e-01   1.9000000e+00   1.9427100e+01
   1.0000000e+00   2.2000000e+00   2.1391200e+01
   1.5000000e+00   2.5000000e+00   2.3355300e+01
   2.0000000e+00   2.8000000e+00   2.5319400e+01
   2.5000000e+00   3.1000000e+00   2.7283500e+01
   3.0000000e+00   3.4000000e+00   2.9247600e+01
   3.5000000e+00   3.7000000e+00   3.1211700e+01
   4.0000000e+00   4.0000000e+00   3.3175800e+01
   4.5000000e+00   4.3000000e+00   3.5139900e+01
   5.0000000e+00   4.6000000e+00   3.7104000e+01
   5.5000000e+00   5.2966667e+00   3.7452400e+01
   6.0000000e+00   5.9933333e+00   3.7800800e+01
   6.5000000e+00   6.6900000e+00   3.8149200e+01
   7.0000000e+00   7.3866667e+00   3.8497600e+01
   7.5000000e+00   8.0833333e+00   3.8846000e+01
   8.0000000e+00   8.7800000e+00   3.9194400e+01
   8.5000000e+00   9.4766667e+00   3.9542800e+01
   9.0000000e+00   1.0173333e+01   3.9891200e+01
   9.5000000e+00   1.0870000e+01   4.0239600e+01
   1.0000000e+01   1.1566667e+01   4.0588000e+01
   1.0500000e+01   1.2263333e+01   4.0820375e+01
   1.1000000e+01   1.2960000e+01   4.1052750e+01
   1.1500000e+01   1.3656667e+01   4.1285125e+01
   1.2000000e+01   1.4353333e+01   4.1517500e+01
   1.2500000e+01   1.5050000e+01   4.1749875e+01
   1.3000000e+01   1.5746667e+01   4.1982250e+01
   1.3500000e+01   1.6443333e+01   4.2214625e+01
   1.4000000e+01   1.7140000e+01   4.2447000e+01
   1.4500000e+01   1.7836667e+01   4.2679375e+01
   1.5000000e+01   1.8533333e+01   4.2911750e+01
   1.5500000e+01   1.9230000e+01   4.3144125e+01
   1.6000000e+01   1.9926667e+01   4.3376500e+01
   1.6500000e+01   2.0623333e+01   4.3608875e+01
   1.7000000e+01   2.1320000e+01   4.3841250e+01
   1.7500000e+01   2.2016667e+01   4.4073625e+01
   1.8000000e+01   2.2713333e+01   4.4306000e+01
   1.8500000e+01   2.3410000e+01   4.4538375e+01
   1.9000000e+01   2.4106667e+01   4.4770750e+01
   1.9500000e+01   2.4803333e+01   4.5003125e+01
   2.0000000e+01   2.5500000e+01   4.5235500e+01
   2.0500000e+01   2.5500000e+01   4.5467875e+01
   2.1000000e+01   2.5500000e+01   4.5700250e+01
   2.1500000e+01   2.5500000e+01   4.5932625e+01
   2.2000000e+01   2.5500000e+01   4.6165000e+01
   2.2500000e+01   2.5500000e+01   4.6397375e+01
   2.3000000e+01   2.5500000e+01   4.6629750e+01
   2.3500000e+01   2.5500000e+01   4.6862125e+01
   2.4000000e+01   2.5500000e+01   4.7094500e+01
   2.4500000e+01   2.5500000e+01   4.7326875e+01
   2.5000000e+01   2.5500000e+01   4.7559250e+01
   2.5500000e+01   2.5500000e+01   4.7791625e+01
   2.6000000e+01   2.5500000e+01   4.8024000e+01
   2.6500000e+01   2.5500000e+01   4.8256375e+01
   2.7000000e+01   2.5500000e+01   4.8488750e+01
   2.7500000e+01   2.5500000e+01   4.8721125e+01
   2.8000000e+01   2.5500000e+01   4.8953500e+01
   2.8500000e+01   2.5500000e+01   4.9185875e+01
   2.9000000e+01   2.5500000e+01   4.9418250e+01
   2.9500000e+01   2.5500000e+01   4.9650625e+01
   3.0000000e+01   2.5500000e+01   4.9883000e+01
   3.0500000e+01   2.5500000e+01   4.9883000e+01
   3.1000000e+01   2.5500000e+01   4.9883000e+01
   3.1500000e+01   2.5500000e+01   4.9883000e+01
   3.2000000e+01   2.5500000e+01   4.9883000e+01
   3.2500000e+01   2.5500000e+01   4.9883000e+01
   3.3000000e+01   2.5500000e+01   4.9883000e+01
   3.3500000e+01   2.5500000e+01   4.9883000e+01
   3.4000000e+01   2.5500000e+01   4.9883000e+01
   3.4500000e+01   2.5500000e+01   4.9883000e+01
   3.5000000e+01   2.5500000e+01   4.9883000e+01
   3.5500000e+01   2.5500000e+01   4.9883000e+01
   3.6000000e+01   2.5500000e+01   4.9883000e+01
   3.6500000e+01   2.5500000e+01   4.9883000e+01
   3.7000000e+01   2.5500000e+01   4.9883000e+01
   3.7500000e+01   2.5500000e+01   4.9883000e+01
   3.8000000e+01   2.5500000e+01   4.9883000e+01
   3.8500000e+01   2.5500000e+01   4.9883000e+01
   3.9000000e+01   2.5500000e+01   4.9883000e+01
   3.9500000e+01   2.5500000e+01   4.9883000e+01
   4.0000000e+01   2.5500000e+01   4.9883000e+01
