   0.0000000e+00   2.8390000e+00   1.8147000e+01
   5.0000000e-01   3.2803000e+00   1.8498100e+01
   1.0000000e+00   3.7216000e+00   1.8849200e+01
   1.5000000e+00   4.1629000e+00   1.9200300e+01
   2.0000000e+00   4.6042000e+00   1.9551400e+01
   2.5000000e+00   5.0455000e+00   1.9902500e+01
   3.0000000e+00   5.4868000e+00   2.0253600e+01
   3.5000000e+00   5.9281000e+00   2.0604700e+01
   4.0000000e+00   6.3694000e+00   2.0955800e+01
   4.5000000e+00   6.8107000e+00   2.1306900e+01
   5.0000000e+00   7.2520000e+00   2.1658000e+01
   5.5000000e+00   8.6177000e+00   2.3432000e+01
   6.0000000e+00   9.9834000e+00   2.5206000e+01
   6.5000000e+00   1.1349100e+01   2.6980000e+01
   7.0000000e+00   1.2714800e+01   2.8754000e+01
   7.5000000e+00   1.4080500e+01   3.0528000e+01
   8.0000000e+00   1.5446200e+01   3.2302000e+01
   8.5000000e+00   1.6811900e+01   3.4076000e+01
   9.0000000e+00   1.8177600e+01   3.5850000e+01
   9.5000000e+00   1.9543300e+01   3.7624000e+01
   1.0000000e+01   2.0909000e+01   3.9398000e+01
   1.0500000e+01   2.1010450e+01   3.9606450e+01
   1.1000000e+01   2.1111900e+01   3.9814900e+01
   1.1500000e+01   2.1213350e+01   4.0023350e+01
   1.2000000e+01   2.1314800e+01   4.0231800e+01
   1.2500000e+01   2.1416250e+01   4.0440250e+01
   1.3000000e+01   2.1517700e+01   4.0648700e+01
   1.3500000e+01   2.1619150e+01   4.0857150e+01
   1.4000000e+01   2.1720600e+01   4.1065600e+01
   1.4500000e+01   2.1822050e+01   4.1274050e+01
   1.5000000e+01   2.1923500e+01   4.1482500e+01
   1.5500000e+01   2.2024950e+01   4.1690950e+01
   1.6000000e+01   2.2126400e+01   4.1899400e+01
   1.6500000e+01   2.2227850e+01   4.2107850e+01
   1.7000000e+01   2.2329300e+01   4.2316300e+01
   1.7500000e+01   2.2430750e+01   4.2524750e+01
   1.8000000e+01   2.2532200e+01   4.2733200e+01
   1.8500000e+01   2.2633650e+01   4.2941650e+01
   1.9000000e+01   2.2735100e+01   4.3150100e+01
   1.9500000e+01   2.2836550e+01   4.3358550e+01
   2.0000000e+01   2.2938000e+01   4.3567000e+01
   2.0500000e+01   2.3039450e+01   4.3775450e+01
   2.1000000e+01   2.3140900e+01   4.3983900e+01
   2.1500000e+01   2.3242350e+01   4.4192350e+01
   2.2000000e+01   2.3343800e+01   4.4400800e+01
   2.2500000e+01   2.3445250e+01   4.4609250e+01
   2.3000000e+01   2.3546700e+01   4.4817700e+01
   2.3500000e+01   2.3648150e+01   4.5026150e+01
   2.4000000e+01   2.3749600e+01   4.5234600e+01
   2.4500000e+01   2.3851050e+01   4.5443050e+01
   2.5000000e+01   2.3952500e+01   4.5651500e+01
   2.5500000e+01   2.4053950e+01   4.5859950e+01
   2.6000000e+01   2.4155400e+01   4.6068400e+01
   2.6500000e+01   2.4256850e+01   4.6276850e+01
   2.7000000e+01   2.4358300e+01   4.6485300e+01
   2.7500000e+01   2.4459750e+01   4.6693750e+01
   2.8000000e+01   2.4561200e+01   4.6902200e+01
   2.8500000e+01   2.4662650e+01   4.7110650e+01
   2.9000000e+01   2.4764100e+01   4.7319100e+01
   2.9500000e+01   2.4865550e+01   4.7527550e+01
   3.0000000e+01   2.4967000e+01   4.7736000e+01
   3.0500000e+01   2.4967000e+01   4.7736000e+01
   3.1000000e+01   2.4967000e+01   4.7736000e+01
   3.1500000e+01   2.4967000e+01   4.7736000e+01
   3.2000000e+01   2.4967000e+01   4.7736000e+01
   3.2500000e+01   2.4967000e+01   4.7736000e+01
   3.3000000e+01   2.4967000e+01   4.7736000e+01
   3.3500000e+01   2.4967000e+01   4.7736000e+01
   3.4000000e+01   2.4967000e+01   4.7736000e+01
   3.4500000e+01   2.4967000e+01   4.7736000e+01
   3.5000000e+01   2.4967000e+01   4.7736000e+01
   3.5500000e+01   2.4967000e+01   4.7736000e+01
   3.6000000e+01   2.4967000e+01   4.7736000e+01
   3.6500000e+01   2.4967000e+01   4.7736000e+01
   3.7000000e+01   2.4967000e+01   4.7736000e+01
   3.7500000e+01   2.4967000e+01   4.7736000e+01
   3.8000000e+01   2.4967000e+01   4.7736000e+01
   3.8500000e+01   2.4967000e+01   4.7736000e+01
   3.9000000e+01   2.4967000e+01   4.7736000e+01
   3.9500000e+01   2.4967000e+01   4.7736000e+01
   4.0000000e+01   2.4967000e+01   4.7736000e+01
