   0.0000000e+00   3.8330000e+00   2.0317000e+01
   5.0000000e-01   4.2877000e+00   2.0370300e+01
   1.0000000e+00   4.7424000e+00   2.0423600e+01
   1.5000000e+00   5.1971000e+00   2.0476900e+01
   2.0000000e+00   5.6518000e+00   2.0530200e+01
   2.5000000e+00   6.1065000e+00   2.0583500e+01
   3.0000000e+00   6.5612000e+00   2.0636800e+01
   3.5000000e+00   7.0159000e+00   2.0690100e+01
   4.0000000e+00   7.4706000e+00   2.0743400e+01
   4.5000000e+00   7.9253000e+00   2.0796700e+01
   5.0000000e+00   8.3800000e+00   2.0850000e+01
   5.5000000e+00   9.6370000e+00   2.3487800e+01
   6.0000000e+00   1.0894000e+01   2.6125600e+01
   6.5000000e+00   1.2151000e+01   2.8763400e+01
   7.0000000e+00   1.3408000e+01   3.1401200e+01
   7.5000000e+00   1.4665000e+01   3.4039000e+01
   8.0000000e+00   1.5922000e+01   3.6676800e+01
   8.5000000e+00   1.7179000e+01   3.9314600e+01
   9.0000000e+00   1.8436000e+01   4.1952400e+01
   9.5000000e+00   1.9693000e+01   4.4590200e+01
   1.0000000e+01   2.0950000e+01   4.7228000e+01
   1.0500000e+01   2.0738200e+01   4.6638950e+01
   1.1000000e+01   2.0526400e+01   4.6049900e+01
   1.1500000e+01   2.0314600e+01   4.5460850e+01
   1.2000000e+01   2.0102800e+01   4.4871800e+01
   1.2500000e+01   1.9891000e+01   4.4282750e+01
   1.3000000e+01   1.9679200e+01   4.3693700e+01
   1.3500000e+01   1.9467400e+01   4.3104650e+01
   1.4000000e+01   1.9255600e+01   4.2515600e+01
   1.4500000e+01   1.9043800e+01   4.1926550e+01
   1.5000000e+01   1.8832000e+01   4.1337500e+01
   1.5500000e+01   1.8620200e+01   4.0748450e+01
   1.6000000e+01   1.8408400e+01   4.0159400e+01
   1.6500000e+01   1.8196600e+01   3.9570350e+01
   1.7000000e+01   1.7984800e+01   3.8981300e+01
   1.7500000e+01   1.7773000e+01   3.8392250e+01
   1.8000000e+01   1.7561200e+01   3.7803200e+01
   1.8500000e+01   1.7349400e+01   3.7214150e+01
   1.9000000e+01   1.7137600e+01   3.6625100e+01
   1.9500000e+01   1.6925800e+01   3.6036050e+01
   2.0000000e+01   1.6714000e+01   3.5447000e+01
   2.0500000e+01   1.6502200e+01   3.4857950e+01
   2.1000000e+01   1.6290400e+01   3.4268900e+01
   2.1500000e+01   1.6078600e+01   3.3679850e+01
   2.2000000e+01   1.5866800e+01   3.3090800e+01
   2.2500000e+01   1.5655000e+01   3.2501750e+01
   2.3000000e+01   1.5443200e+01   3.1912700e+01
   2.3500000e+01   1.5231400e+01   3.1323650e+01
   2.4000000e+01   1.5019600e+01   3.0734600e+01
   2.4500000e+01   1.4807800e+01   3.0145550e+01
   2.5000000e+01   1.4596000e+01   2.9556500e+01
   2.5500000e+01   1.4384200e+01   2.8967450e+01
   2.6000000e+01   1.4172400e+01   2.8378400e+01
   2.6500000e+01   1.3960600e+01   2.7789350e+01
   2.7000000e+01   1.3748800e+01   2.7200300e+01
   2.7500000e+01   1.3537000e+01   2.6611250e+01
   2.8000000e+01   1.3325200e+01   2.6022200e+01
   2.8500000e+01   1.3113400e+01   2.5433150e+01
   2.9000000e+01   1.2901600e+01   2.4844100e+01
   2.9500000e+01   1.2689800e+01   2.4255050e+01
   3.0000000e+01   1.2478000e+01   2.3666000e+01
   3.0500000e+01   1.2478000e+01   2.3666000e+01
   3.1000000e+01   1.2478000e+01   2.3666000e+01
   3.1500000e+01   1.2478000e+01   2.3666000e+01
   3.2000000e+01   1.2478000e+01   2.3666000e+01
   3.2500000e+01   1.2478000e+01   2.3666000e+01
   3.3000000e+01   1.2478000e+01   2.3666000e+01
   3.3500000e+01   1.2478000e+01   2.3666000e+01
   3.4000000e+01   1.2478000e+01   2.3666000e+01
   3.4500000e+01   1.2478000e+01   2.3666000e+01
   3.5000000e+01   1.2478000e+01   2.3666000e+01
   3.5500000e+01   1.2478000e+01   2.3666000e+01
   3.6000000e+01   1.2478000e+01   2.3666000e+01
   3.6500000e+01   1.2478000e+01   2.3666000e+01
   3.7000000e+01   1.2478000e+01   2.3666000e+01
   3.7500000e+01   1.2478000e+01   2.3666000e+01
   3.8000000e+01   1.2478000e+01   2.3666000e+01
   3.8500000e+01   1.2478000e+01   2.3666000e+01
   3.9000000e+01   1.2478000e+01   2.3666000e+01
   3.9500000e+01   1.2478000e+01   2.3666000e+01
   4.0000000e+01   1.2478000e+01   2.3666000e+01
