   0.0000000e+00   0.0000000e+00   1.3900000e+01
   5.0000000e-01   1.0000000e-02   1.3850000e+01
   1.0000000e+00   2.0000000e-02   1.3800000e+01
   1.5000000e+00   3.0000000e-02   1.3750000e+01
   2.0000000e+00   4.0000000e-02   1.3700000e+01
   2.5000000e+00   5.0000000e-02   1.3650000e+01
   3.0000000e+00   6.0000000e-02   1.3600000e+01
   3.5000000e+00   7.0000000e-02   1.3550000e+01
   4.0000000e+00   8.0000000e-02   1.3500000e+01
   4.5000000e+00   9.0000000e-02   1.3450000e+01
   5.0000000e+00   1.0000000e-01   1.3400000e+01
   5.5000000e+00   9.3000000e-01   1.5700000e+01
   6.0000000e+00   1.7600000e+00   1.8000000e+01
   6.5000000e+00   2.5900000e+00   2.0300000e+01
   7.0000000e+00   3.4200000e+00   2.2600000e+01
   7.5000000e+00   4.2500000e+00   2.4900000e+01
   8.0000000e+00   5.0800000e+00   2.7200000e+01
   8.5000000e+00   5.9100000e+00   2.9500000e+01
   9.0000000e+00   6.7400000e+00   3.1800000e+01
   9.5000000e+00   7.5700000e+00   3.4100000e+01
   1.0000000e+01   8.4000000e+00   3.6400000e+01
   1.0500000e+01   8.8400000e+00   3.6642500e+01
   1.1000000e+01   9.2800000e+00   3.6885000e+01
   1.1500000e+01   9.7200000e+00   3.7127500e+01
   1.2000000e+01   1.0160000e+01   3.7370000e+01
   1.2500000e+01   1.0600000e+01   3.7612500e+01
   1.3000000e+01   1.1040000e+01   3.7855000e+01
   1.3500000e+01   1.1480000e+01   3.8097500e+01
   1.4000000e+01   1.1920000e+01   3.8340000e+01
   1.4500000e+01   1.2360000e+01   3.8582500e+01
   1.5000000e+01   1.2800000e+01   3.8825000e+01
   1.5500000e+01   1.3240000e+01   3.9067500e+01
   1.6000000e+01   1.3680000e+01   3.9310000e+01
   1.6500000e+01   1.4120000e+01   3.9552500e+01
   1.7000000e+01   1.4560000e+01   3.9795000e+01
   1.7500000e+01   1.5000000e+01   4.0037500e+01
   1.8000000e+01   1.5440000e+01   4.0280000e+01
   1.8500000e+01   1.5880000e+01   4.0522500e+01
   1.9000000e+01   1.6320000e+01   4.0765000e+01
   1.9500000e+01   1.6760000e+01   4.1007500e+01
   2.0000000e+01   1.7200000e+01   4.1250000e+01
   2.0500000e+01   1.7640000e+01   4.1492500e+01
   2.1000000e+01   1.8080000e+01   4.1735000e+01
   2.1500000e+01   1.8520000e+01   4.1977500e+01
   2.2000000e+01   1.8960000e+01   4.2220000e+01
   2.2500000e+01   1.9400000e+01   4.2462500e+01
   2.3000000e+01   1.9840000e+01   4.2705000e+01
   2.3500000e+01   2.0280000e+01   4.2947500e+01
   2.4000000e+01   2.0720000e+01   4.3190000e+01
   2.4500000e+01   2.1160000e+01   4.3432500e+01
   2.5000000e+01   2.1600000e+01   4.3675000e+01
   2.5500000e+01   2.2040000e+01   4.3917500e+01
   2.6000000e+01   2.2480000e+01   4.4160000e+01
   2.6500000e+01   2.2920000e+01   4.4402500e+01
   2.7000000e+01   2.3360000e+01   4.4645000e+01
   2.7500000e+01   2.3800000e+01   4.4887500e+01
   2.8000000e+01   2.4240000e+01   4.5130000e+01
   2.8500000e+01   2.4680000e+01   4.5372500e+01
   2.9000000e+01   2.5120000e+01   4.5615000e+01
   2.9500000e+01   2.5560000e+01   4.5857500e+01
   3.0000000e+01   2.6000000e+01   4.6100000e+01
   3.0500000e+01   2.6000000e+01   4.6100000e+01
   3.1000000e+01   2.6000000e+01   4.6100000e+01
   3.1500000e+01   2.6000000e+01   4.6100000e+01
   3.2000000e+01   2.6000000e+01   4.6100000e+01
   3.2500000e+01   2.6000000e+01   4.6100000e+01
   3.3000000e+01   2.6000000e+01   4.6100000e+01
   3.3500000e+01   2.6000000e+01   4.6100000e+01
   3.4000000e+01   2.6000000e+01   4.6100000e+01
   3.4500000e+01   2.6000000e+01   4.6100000e+01
   3.5000000e+01   2.6000000e+01   4.6100000e+01
   3.5500000e+01   2.6000000e+01   4.6100000e+01
   3.6000000e+01   2.6000000e+01   4.6100000e+01
   3.6500000e+01   2.6000000e+01   4.6100000e+01
   3.7000000e+01   2.6000000e+01   4.6100000e+01
   3.7500000e+01   2.6000000e+01   4.6100000e+01
   3.8000000e+01   2.6000000e+01   4.6100000e+01
   3.8500000e+01   2.6000000e+01   4.6100000e+01
   3.9000000e+01   2.6000000e+01   4.6100000e+01
   3.9500000e+01   2.6000000e+01   4.6100000e+01
   4.0000000e+01   2.6000000e+01   4.6100000e+01
