   0.0000000e+00   1.6000000e+00   3.6500000e+01
   5.0000000e-01   1.9000000e+00   3.6270000e+01
   1.0000000e+00   2.2000000e+00   3.6040000e+01
   1.5000000e+00   2.5000000e+00   3.5810000e+01
   2.0000000e+00   2.8000000e+00   3.5580000e+01
   2.5000000e+00   3.1000000e+00   3.5350000e+01
   3.0000000e+00   3.4000000e+00   3.5120000e+01
   3.5000000e+00   3.7000000e+00   3.4890000e+01
   4.0000000e+00   4.0000000e+00   3.4660000e+01
   4.5000000e+00   4.3000000e+00   3.4430000e+01
   5.0000000e+00   4.6000000e+00   3.4200000e+01
   5.5000000e+00   5.2966667e+00   3.4770000e+01
   6.0000000e+00   5.9933333e+00   3.5340000e+01
   6.5000000e+00   6.6900000e+00   3.5910000e+01
   7.0000000e+00   7.3866667e+00   3.6480000e+01
   7.5000000e+00   8.0833333e+00   3.7050000e+01
   8.0000000e+00   8.7800000e+00   3.7620000e+01
   8.5000000e+00   9.4766667e+00   3.8190000e+01
   9.0000000e+00   1.0173333e+01   3.8760000e+01
   9.5000000e+00   1.0870000e+01   3.9330000e+01
   1.0000000e+01   1.1566667e+01   3.9900000e+01
   1.0500000e+01   1.2263333e+01   3.9785000e+01
   1.1000000e+01   1.2960000e+01   3.9670000e+01
   1.1500000e+01   1.3656667e+01   3.9555000e+01
   1.2000000e+01   1.4353333e+01   3.9440000e+01
   1.2500000e+01   1.5050000e+01   3.9325000e+01
   1.3000000e+01   1.5746667e+01   3.9210000e+01
   1.3500000e+01   1.6443333e+01   3.9095000e+01
   1.4000000e+01   1.7140000e+01   3.8980000e+01
   1.4500000e+01   1.7836667e+01   3.8865000e+01
   1.5000000e+01   1.8533333e+01   3.8750000e+01
   1.5500000e+01   1.9230000e+01   3.8635000e+01
   1.6000000e+01   1.9926667e+01   3.8520000e+01
   1.6500000e+01   2.0623333e+01   3.8405000e+01
   1.7000000e+01   2.1320000e+01   3.8290000e+01
   1.7500000e+01   2.2016667e+01   3.8175000e+01
   1.8000000e+01   2.2713333e+01   3.8060000e+01
   1.8500000e+01   2.3410000e+01   3.7945000e+01
   1.9000000e+01   2.4106667e+01   3.7830000e+01
   1.9500000e+01   2.4803333e+01   3.7715000e+01
   2.0000000e+01   2.5500000e+01   3.7600000e+01
   2.0500000e+01   2.5500000e+01   3.7485000e+01
   2.1000000e+01   2.5500000e+01   3.7370000e+01
   2.1500000e+01   2.5500000e+01   3.7255000e+01
   2.2000000e+01   2.5500000e+01   3.7140000e+01
   2.2500000e+01   2.5500000e+01   3.7025000e+01
   2.3000000e+01   2.5500000e+01   3.6910000e+01
   2.3500000e+01   2.5500000e+01   3.6795000e+01
   2.4000000e+01   2.5500000e+01   3.6680000e+01
   2.4500000e+01   2.5500000e+01   3.6565000e+01
   2.5000000e+01   2.5500000e+01   3.6450000e+01
   2.5500000e+01   2.5500000e+01   3.6335000e+01
   2.6000000e+01   2.5500000e+01   3.6220000e+01
   2.6500000e+01   2.5500000e+01   3.6105000e+01
   2.7000000e+01   2.5500000e+01   3.5990000e+01
   2.7500000e+01   2.5500000e+01   3.5875000e+01
   2.8000000e+01   2.5500000e+01   3.5760000e+01
   2.8500000e+01   2.5500000e+01   3.5645000e+01
   2.9000000e+01   2.5500000e+01   3.5530000e+01
   2.9500000e+01   2.5500000e+01   3.5415000e+01
   3.0000000e+01   2.5500000e+01   3.5300000e+01
   3.0500000e+01   2.5500000e+01   3.5300000e+01
   3.1000000e+01   2.5500000e+01   3.5300000e+01
   3.1500000e+01   2.5500000e+01   3.5300000e+01
   3.2000000e+01   2.5500000e+01   3.5300000e+01
   3.2500000e+01   2.5500000e+01   3.5300000e+01
   3.3000000e+01   2.5500000e+01   3.5300000e+01
   3.3500000e+01   2.5500000e+01   3.5300000e+01
   3.4000000e+01   2.5500000e+01   3.5300000e+01
   3.4500000e+01   2.5500000e+01   3.5300000e+01
   3.5000000e+01   2.5500000e+01   3.5300000e+01
   3.5500000e+01   2.5500000e+01   3.5300000e+01
   3.6000000e+01   2.5500000e+01   3.5300000e+01
   3.6500000e+01   2.5500000e+01   3.5300000e+01
   3.7000000e+01   2.5500000e+01   3.5300000e+01
   3.7500000e+01   2.5500000e+01   3.5300000e+01
   3.8000000e+01   2.5500000e+01   3.5300000e+01
   3.8500000e+01   2.5500000e+01   3.5300000e+01
   3.9000000e+01   2.5500000e+01   3.5300000e+01
   3.9500000e+01   2.5500000e+01   3.5300000e+01
   4.0000000e+01   2.5500000e+01   3.5300000e+01
