   0.0000000e+00   1.6000000e+00   9.8220000e+00
   5.0000000e-01   1.9000000e+00   9.9131000e+00
   1.0000000e+00   2.2000000e+00   1.0004200e+01
   1.5000000e+00   2.5000000e+00   1.0095300e+01
   2.0000000e+00   2.8000000e+00   1.0186400e+01
   2.5000000e+00   3.1000000e+00   1.0277500e+01
   3.0000000e+00   3.4000000e+00   1.0368600e+01
   3.5000000e+00   3.7000000e+00   1.0459700e+01
   4.0000000e+00   4.0000000e+00   1.0550800e+01
   4.5000000e+00   4.3000000e+00   1.0641900e+01
   5.0000000e+00   4.6000000e+00   1.0733000e+01
   5.5000000e+00   5.2966667e+00   1.2246200e+01
   6.0000000e+00   5.9933333e+00   1.3759400e+01
   6.5000000e+00   6.6900000e+00   1.5272600e+01
   7.0000000e+00   7.3866667e+00   1.6785800e+01
   7.5000000e+00   8.0833333e+00   1.8299000e+01
   8.0000000e+00   8.7800000e+00   1.9812200e+01
   8.5000000e+00   9.4766667e+00   2.1325400e+01
   9.0000000e+00   1.0173333e+01   2.2838600e+01
   9.5000000e+00   1.0870000e+01   2.4351800e+01
   1.0000000e+01   1.1566667e+01   2.5865000e+01
   1.0500000e+01   1.2263333e+01   2.6231475e+01
   1.1000000e+01   1.2960000e+01   2.6597950e+01
   1.1500000e+01   1.3656667e+01   2.6964425e+01
   1.2000000e+01   1.4353333e+01   2.7330900e+01
   1.2500000e+01   1.5050000e+01   2.7697375e+01
   1.3000000e+01   1.5746667e+01   2.8063850e+01
   1.3500000e+01   1.6443333e+01   2.8430325e+01
   1.4000000e+01   1.7140000e+01   2.8796800e+01
   1.4500000e+01   1.7836667e+01   2.9163275e+01
   1.5000000e+01   1.8533333e+01   2.9529750e+01
   1.5500000e+01   1.9230000e+01   2.9896225e+01
   1.6000000e+01   1.9926667e+01   3.0262700e+01
   1.6500000e+01   2.0623333e+01   3.0629175e+01
   1.7000000e+01   2.1320000e+01   3.0995650e+01
   1.7500000e+01   2.2016667e+01   3.1362125e+01
   1.8000000e+01   2.2713333e+01   3.1728600e+01
   1.8500000e+01   2.3410000e+01   3.2095075e+01
   1.9000000e+01   2.4106667e+01   3.2461550e+01
   1.9500000e+01   2.4803333e+01   3.2828025e+01
   2.0000000e+01   2.5500000e+01   3.3194500e+01
   2.0500000e+01   2.5500000e+01   3.3560975e+01
   2.1000000e+01   2.5500000e+01   3.3927450e+01
   2.1500000e+01   2.5500000e+01   3.4293925e+01
   2.2000000e+01   2.5500000e+01   3.4660400e+01
   2.2500000e+01   2.5500000e+01   3.5026875e+01
   2.3000000e+01   2.5500000e+01   3.5393350e+01
   2.3500000e+01   2.5500000e+01   3.5759825e+01
   2.4000000e+01   2.5500000e+01   3.6126300e+01
   2.4500000e+01   2.5500000e+01   3.6492775e+01
   2.5000000e+01   2.5500000e+01   3.6859250e+01
   2.5500000e+01   2.5500000e+01   3.7225725e+01
   2.6000000e+01   2.5500000e+01   3.7592200e+01
   2.6500000e+01   2.5500000e+01   3.7958675e+01
   2.7000000e+01   2.5500000e+01   3.8325150e+01
   2.7500000e+01   2.5500000e+01   3.8691625e+01
   2.8000000e+01   2.5500000e+01   3.9058100e+01
   2.8500000e+01   2.5500000e+01   3.9424575e+01
   2.9000000e+01   2.5500000e+01   3.9791050e+01
   2.9500000e+01   2.5500000e+01   4.0157525e+01
   3.0000000e+01   2.5500000e+01   4.0524000e+01
   3.0500000e+01   2.5500000e+01   4.0524000e+01
   3.1000000e+01   2.5500000e+01   4.0524000e+01
   3.1500000e+01   2.5500000e+01   4.0524000e+01
   3.2000000e+01   2.5500000e+01   4.0524000e+01
   3.2500000e+01   2.5500000e+01   4.0524000e+01
   3.3000000e+01   2.5500000e+01   4.0524000e+01
   3.3500000e+01   2.5500000e+01   4.0524000e+01
   3.4000000e+01   2.5500000e+01   4.0524000e+01
   3.4500000e+01   2.5500000e+01   4.0524000e+01
   3.5000000e+01   2.5500000e+01   4.0524000e+01
   3.5500000e+01   2.5500000e+01   4.0524000e+01
   3.6000000e+01   2.5500000e+01   4.0524000e+01
   3.6500000e+01   2.5500000e+01   4.0524000e+01
   3.7000000e+01   2.5500000e+01   4.0524000e+01
   3.7500000e+01   2.5500000e+01   4.0524000e+01
   3.8000000e+01   2.5500000e+01   4.0524000e+01
   3.8500000e+01   2.5500000e+01   4.0524000e+01
   3.9000000e+01   2.5500000e+01   4.0524000e+01
   3.9500000e+01   2.5500000e+01   4.0524000e+01
   4.0000000e+01   2.5500000e+01   4.0524000e+01
