   0.0000000e+00   1.6000000e+00   5.4807000e+01
   5.0000000e-01   1.9000000e+00   5.4699100e+01
   1.0000000e+00   2.2000000e+00   5.4591200e+01
   1.5000000e+00   2.5000000e+00   5.4483300e+01
   2.0000000e+00   2.8000000e+00   5.4375400e+01
   2.5000000e+00   3.1000000e+00   5.4267500e+01
   3.0000000e+00   3.4000000e+00   5.4159600e+01
   3.5000000e+00   3.7000000e+00   5.4051700e+01
   4.0000000e+00   4.0000000e+00   5.3943800e+01
   4.5000000e+00   4.3000000e+00   5.3835900e+01
   5.0000000e+00   4.6000000e+00   5.3728000e+01
   5.5000000e+00   5.2966667e+00   5.3760400e+01
   6.0000000e+00   5.9933333e+00   5.3792800e+01
   6.5000000e+00   6.6900000e+00   5.3825200e+01
   7.0000000e+00   7.3866667e+00   5.3857600e+01
   7.5000000e+00   8.0833333e+00   5.3890000e+01
   8.0000000e+00   8.7800000e+00   5.3922400e+01
   8.5000000e+00   9.4766667e+00   5.3954800e+01
   9.0000000e+00   1.0173333e+01   5.3987200e+01
   9.5000000e+00   1.0870000e+01   5.4019600e+01
   1.0000000e+01   1.1566667e+01   5.4052000e+01
   1.0500000e+01   1.2263333e+01   5.4059225e+01
   1.1000000e+01   1.2960000e+01   5.4066450e+01
   1.1500000e+01   1.3656667e+01   5.4073675e+01
   1.2000000e+01   1.4353333e+01   5.4080900e+01
   1.2500000e+01   1.5050000e+01   5.4088125e+01
   1.3000000e+01   1.5746667e+01   5.4095350e+01
   1.3500000e+01   1.6443333e+01   5.4102575e+01
   1.4000000e+01   1.7140000e+01   5.4109800e+01
   1.4500000e+01   1.7836667e+01   5.4117025e+01
   1.5000000e+01   1.8533333e+01   5.4124250e+01
   1.5500000e+01   1.9230000e+01   5.4131475e+01
   1.6000000e+01   1.9926667e+01   5.4138700e+01
   1.6500000e+01   2.0623333e+01   5.4145925e+01
   1.7000000e+01   2.1320000e+01   5.4153150e+01
   1.7500000e+01   2.2016667e+01   5.4160375e+01
   1.8000000e+01   2.2713333e+01   5.4167600e+01
   1.8500000e+01   2.3410000e+01   5.4174825e+01
   1.9000000e+01   2.4106667e+01   5.4182050e+01
   1.9500000e+01   2.4803333e+01   5.4189275e+01
   2.0000000e+01   2.5500000e+01   5.4196500e+01
   2.0500000e+01   2.5500000e+01   5.4203725e+01
   2.1000000e+01   2.5500000e+01   5.4210950e+01
   2.1500000e+01   2.5500000e+01   5.4218175e+01
   2.2000000e+01   2.5500000e+01   5.4225400e+01
   2.2500000e+01   2.5500000e+01   5.4232625e+01
   2.3000000e+01   2.5500000e+01   5.4239850e+01
   2.3500000e+01   2.5500000e+01   5.4247075e+01
   2.4000000e+01   2.5500000e+01   5.4254300e+01
   2.4500000e+01   2.5500000e+01   5.4261525e+01
   2.5000000e+01   2.5500000e+01   5.4268750e+01
   2.5500000e+01   2.5500000e+01   5.4275975e+01
   2.6000000e+01   2.5500000e+01   5.4283200e+01
   2.6500000e+01   2.5500000e+01   5.4290425e+01
   2.7000000e+01   2.5500000e+01   5.4297650e+01
   2.7500000e+01   2.5500000e+01   5.4304875e+01
   2.8000000e+01   2.5500000e+01   5.4312100e+01
   2.8500000e+01   2.5500000e+01   5.4319325e+01
   2.9000000e+01   2.5500000e+01   5.4326550e+01
   2.9500000e+01   2.5500000e+01   5.4333775e+01
   3.0000000e+01   2.5500000e+01   5.4341000e+01
   3.0500000e+01   2.5500000e+01   5.4341000e+01
   3.1000000e+01   2.5500000e+01   5.4341000e+01
   3.1500000e+01   2.5500000e+01   5.4341000e+01
   3.2000000e+01   2.5500000e+01   5.4341000e+01
   3.2500000e+01   2.5500000e+01   5.4341000e+01
   3.3000000e+01   2.5500000e+01   5.4341000e+01
   3.3500000e+01   2.5500000e+01   5.4341000e+01
   3.4000000e+01   2.5500000e+01   5.4341000e+01
   3.4500000e+01   2.5500000e+01   5.4341000e+01
   3.5000000e+01   2.5500000e+01   5.4341000e+01
   3.5500000e+01   2.5500000e+01   5.4341000e+01
   3.6000000e+01   2.5500000e+01   5.4341000e+01
   3.6500000e+01   2.5500000e+01   5.4341000e+01
   3.7000000e+01   2.5500000e+01   5.4341000e+01
   3.7500000e+01   2.5500000e+01   5.4341000e+01
   3.8000000e+01   2.5500000e+01   5.4341000e+01
   3.8500000e+01   2.5500000e+01   5.4341000e+01
   3.9000000e+01   2.5500000e+01   5.4341000e+01
   3.9500000e+01   2.5500000e+01   5.4341000e+01
   4.0000000e+01   2.5500000e+01   5.4341000e+01
