   0.0000000e+00   1.9600000e+01   4.6400000e+01
   5.0000000e-01   1.9800000e+01   4.6710000e+01
   1.0000000e+00   2.0000000e+01   4.7020000e+01
   1.5000000e+00   2.0200000e+01   4.7330000e+01
   2.0000000e+00   2.0400000e+01   4.7640000e+01
   2.5000000e+00   2.0600000e+01   4.7950000e+01
   3.0000000e+00   2.0800000e+01   4.8260000e+01
   3.5000000e+00   2.1000000e+01   4.8570000e+01
   4.0000000e+00   2.1200000e+01   4.8880000e+01
   4.5000000e+00   2.1400000e+01   4.9190000e+01
   5.0000000e+00   2.1600000e+01   4.9500000e+01
   5.5000000e+00   2.1410000e+01   4.8550000e+01
   6.0000000e+00   2.1220000e+01   4.7600000e+01
   6.5000000e+00   2.1030000e+01   4.6650000e+01
   7.0000000e+00   2.0840000e+01   4.5700000e+01
   7.5000000e+00   2.0650000e+01   4.4750000e+01
   8.0000000e+00   2.0460000e+01   4.3800000e+01
   8.5000000e+00   2.0270000e+01   4.2850000e+01
   9.0000000e+00   2.0080000e+01   4.1900000e+01
   9.5000000e+00   1.9890000e+01   4.0950000e+01
   1.0000000e+01   1.9700000e+01   4.0000000e+01
   1.0500000e+01   1.9700000e+01   4.0000000e+01
   1.1000000e+01   1.9700000e+01   4.0000000e+01
   1.1500000e+01   1.9700000e+01   4.0000000e+01
   1.2000000e+01   1.9700000e+01   4.0000000e+01
   1.2500000e+01   1.9700000e+01   4.0000000e+01
   1.3000000e+01   1.9700000e+01   4.0000000e+01
   1.3500000e+01   1.9700000e+01   4.0000000e+01
   1.4000000e+01   1.9700000e+01   4.0000000e+01
   1.4500000e+01   1.9700000e+01   4.0000000e+01
   1.5000000e+01   1.9700000e+01   4.0000000e+01
   1.5500000e+01   1.9700000e+01   4.0000000e+01
   1.6000000e+01   1.9700000e+01   4.0000000e+01
   1.6500000e+01   1.9700000e+01   4.0000000e+01
   1.7000000e+01   1.9700000e+01   4.0000000e+01
   1.7500000e+01   1.9700000e+01   4.0000000e+01
   1.8000000e+01   1.9700000e+01   4.0000000e+01
   1.8500000e+01   1.9700000e+01   4.0000000e+01
   1.9000000e+01   1.9700000e+01   4.0000000e+01
   1.9500000e+01   1.9700000e+01   4.0000000e+01
   2.0000000e+01   1.9700000e+01   4.0000000e+01
   2.0500000e+01   1.9700000e+01   4.0000000e+01
   2.1000000e+01   1.9700000e+01   4.0000000e+01
   2.1500000e+01   1.9700000e+01   4.0000000e+01
   2.2000000e+01   1.9700000e+01   4.0000000e+01
   2.2500000e+01   1.9700000e+01   4.0000000e+01
   2.3000000e+01   1.9700000e+01   4.0000000e+01
   2.3500000e+01   1.9700000e+01   4.0000000e+01
   2.4000000e+01   1.9700000e+01   4.0000000e+01
   2.4500000e+01   1.9700000e+01   4.0000000e+01
   2.5000000e+01   1.9700000e+01   4.0000000e+01
   2.5500000e+01   1.9700000e+01   4.0000000e+01
   2.6000000e+01   1.9700000e+01   4.0000000e+01
   2.6500000e+01   1.9700000e+01   4.0000000e+01
   2.7000000e+01   1.9700000e+01   4.0000000e+01
   2.7500000e+01   1.9700000e+01   4.0000000e+01
   2.8000000e+01   1.9700000e+01   4.0000000e+01
   2.8500000e+01   1.9700000e+01   4.0000000e+01
   2.9000000e+01   1.9700000e+01   4.0000000e+01
   2.9500000e+01   1.9700000e+01   4.0000000e+01
   3.0000000e+01   1.9700000e+01   4.0000000e+01
   3.0500000e+01   1.9700000e+01   4.0000000e+01
   3.1000000e+01   1.9700000e+01   4.0000000e+01
   3.1500000e+01   1.9700000e+01   4.0000000e+01
   3.2000000e+01   1.9700000e+01   4.0000000e+01
   3.2500000e+01   1.9700000e+01   4.0000000e+01
   3.3000000e+01   1.9700000e+01   4.0000000e+01
   3.3500000e+01   1.9700000e+01   4.0000000e+01
   3.4000000e+01   1.9700000e+01   4.0000000e+01
   3.4500000e+01   1.9700000e+01   4.0000000e+01
   3.5000000e+01   1.9700000e+01   4.0000000e+01
   3.5500000e+01   1.9700000e+01   4.0000000e+01
   3.6000000e+01   1.9700000e+01   4.0000000e+01
   3.6500000e+01   1.9700000e+01   4.0000000e+01
   3.7000000e+01   1.9700000e+01   4.0000000e+01
   3.7500000e+01   1.9700000e+01   4.0000000e+01
   3.8000000e+01   1.9700000e+01   4.0000000e+01
   3.8500000e+01   1.9700000e+01   4.0000000e+01
   3.9000000e+01   1.9700000e+01   4.0000000e+01
   3.9500000e+01   1.9700000e+01   4.0000000e+01
   4.0000000e+01   1.9700000e+01   4.0000000e+01
