   0.0000000e+00   1.6000000e+00   9.1320000e+00
   5.0000000e-01   1.9000000e+00   8.6663000e+00
   1.0000000e+00   2.2000000e+00   8.2006000e+00
   1.5000000e+00   2.5000000e+00   7.7349000e+00
   2.0000000e+00   2.8000000e+00   7.2692000e+00
   2.5000000e+00   3.1000000e+00   6.8035000e+00
   3.0000000e+00   3.4000000e+00   6.3378000e+00
   3.5000000e+00   3.7000000e+00   5.8721000e+00
   4.0000000e+00   4.0000000e+00   5.4064000e+00
   4.5000000e+00   4.3000000e+00   4.9407000e+00
   5.0000000e+00   4.6000000e+00   4.4750000e+00
   5.5000000e+00   5.2966667e+00   5.2763000e+00
   6.0000000e+00   5.9933333e+00   6.0776000e+00
   6.5000000e+00   6.6900000e+00   6.8789000e+00
   7.0000000e+00   7.3866667e+00   7.6802000e+00
   7.5000000e+00   8.0833333e+00   8.4815000e+00
   8.0000000e+00   8.7800000e+00   9.2828000e+00
   8.5000000e+00   9.4766667e+00   1.0084100e+01
   9.0000000e+00   1.0173333e+01   1.0885400e+01
   9.5000000e+00   1.0870000e+01   1.1686700e+01
   1.0000000e+01   1.1566667e+01   1.2488000e+01
   1.0500000e+01   1.2263333e+01   1.3211450e+01
   1.1000000e+01   1.2960000e+01   1.3934900e+01
   1.1500000e+01   1.3656667e+01   1.4658350e+01
   1.2000000e+01   1.4353333e+01   1.5381800e+01
   1.2500000e+01   1.5050000e+01   1.6105250e+01
   1.3000000e+01   1.5746667e+01   1.6828700e+01
   1.3500000e+01   1.6443333e+01   1.7552150e+01
   1.4000000e+01   1.7140000e+01   1.8275600e+01
   1.4500000e+01   1.7836667e+01   1.8999050e+01
   1.5000000e+01   1.8533333e+01   1.9722500e+01
   1.5500000e+01   1.9230000e+01   2.0445950e+01
   1.6000000e+01   1.9926667e+01   2.1169400e+01
   1.6500000e+01   2.0623333e+01   2.1892850e+01
   1.7000000e+01   2.1320000e+01   2.2616300e+01
   1.7500000e+01   2.2016667e+01   2.3339750e+01
   1.8000000e+01   2.2713333e+01   2.4063200e+01
   1.8500000e+01   2.3410000e+01   2.4786650e+01
   1.9000000e+01   2.4106667e+01   2.5510100e+01
   1.9500000e+01   2.4803333e+01   2.6233550e+01
   2.0000000e+01   2.5500000e+01   2.6957000e+01
   2.0500000e+01   2.5500000e+01   2.7680450e+01
   2.1000000e+01   2.5500000e+01   2.8403900e+01
   2.1500000e+01   2.5500000e+01   2.9127350e+01
   2.2000000e+01   2.5500000e+01   2.9850800e+01
   2.2500000e+01   2.5500000e+01   3.0574250e+01
   2.3000000e+01   2.5500000e+01   3.1297700e+01
   2.3500000e+01   2.5500000e+01   3.2021150e+01
   2.4000000e+01   2.5500000e+01   3.2744600e+01
   2.4500000e+01   2.5500000e+01   3.3468050e+01
   2.5000000e+01   2.5500000e+01   3.4191500e+01
   2.5500000e+01   2.5500000e+01   3.4914950e+01
   2.6000000e+01   2.5500000e+01   3.5638400e+01
   2.6500000e+01   2.5500000e+01   3.6361850e+01
   2.7000000e+01   2.5500000e+01   3.7085300e+01
   2.7500000e+01   2.5500000e+01   3.7808750e+01
   2.8000000e+01   2.5500000e+01   3.8532200e+01
   2.8500000e+01   2.5500000e+01   3.9255650e+01
   2.9000000e+01   2.5500000e+01   3.9979100e+01
   2.9500000e+01   2.5500000e+01   4.0702550e+01
   3.0000000e+01   2.5500000e+01   4.1426000e+01
   3.0500000e+01   2.5500000e+01   4.1426000e+01
   3.1000000e+01   2.5500000e+01   4.1426000e+01
   3.1500000e+01   2.5500000e+01   4.1426000e+01
   3.2000000e+01   2.5500000e+01   4.1426000e+01
   3.2500000e+01   2.5500000e+01   4.1426000e+01
   3.3000000e+01   2.5500000e+01   4.1426000e+01
   3.3500000e+01   2.5500000e+01   4.1426000e+01
   3.4000000e+01   2.5500000e+01   4.1426000e+01
   3.4500000e+01   2.5500000e+01   4.1426000e+01
   3.5000000e+01   2.5500000e+01   4.1426000e+01
   3.5500000e+01   2.5500000e+01   4.1426000e+01
   3.6000000e+01   2.5500000e+01   4.1426000e+01
   3.6500000e+01   2.5500000e+01   4.1426000e+01
   3.7000000e+01   2.5500000e+01   4.1426000e+01
   3.7500000e+01   2.5500000e+01   4.1426000e+01
   3.8000000e+01   2.5500000e+01   4.1426000e+01
   3.8500000e+01   2.5500000e+01   4.1426000e+01
   3.9000000e+01   2.5500000e+01   4.1426000e+01
   3.9500000e+01   2.5500000e+01   4.1426000e+01
   4.0000000e+01   2.5500000e+01   4.1426000e+01
