   0.0000000e+00   0.0000000e+00   2.8500000e+01
   5.0000000e-01   2.1000000e-01   2.8250000e+01
   1.0000000e+00   4.2000000e-01   2.8000000e+01
   1.5000000e+00   6.3000000e-01   2.7750000e+01
   2.0000000e+00   8.4000000e-01   2.7500000e+01
   2.5000000e+00   1.0500000e+00   2.7250000e+01
   3.0000000e+00   1.2600000e+00   2.7000000e+01
   3.5000000e+00   1.4700000e+00   2.6750000e+01
   4.0000000e+00   1.6800000e+00   2.6500000e+01
   4.5000000e+00   1.8900000e+00   2.6250000e+01
   5.0000000e+00   2.1000000e+00   2.6000000e+01
   5.5000000e+00   2.5500000e+00   2.6600000e+01
   6.0000000e+00   3.0000000e+00   2.7200000e+01
   6.5000000e+00   3.4500000e+00   2.7800000e+01
   7.0000000e+00   3.9000000e+00   2.8400000e+01
   7.5000000e+00   4.3500000e+00   2.9000000e+01
   8.0000000e+00   4.8000000e+00   2.9600000e+01
   8.5000000e+00   5.2500000e+00   3.0200000e+01
   9.0000000e+00   5.7000000e+00   3.0800000e+01
   9.5000000e+00   6.1500000e+00   3.1400000e+01
   1.0000000e+01   6.6000000e+00   3.2000000e+01
   1.0500000e+01   6.9575000e+00   3.2272500e+01
   1.1000000e+01   7.3150000e+00   3.2545000e+01
   1.1500000e+01   7.6725000e+00   3.2817500e+01
   1.2000000e+01   8.0300000e+00   3.3090000e+01
   1.2500000e+01   8.3875000e+00   3.3362500e+01
   1.3000000e+01   8.7450000e+00   3.3635000e+01
   1.3500000e+01   9.1025000e+00   3.3907500e+01
   1.4000000e+01   9.4600000e+00   3.4180000e+01
   1.4500000e+01   9.8175000e+00   3.4452500e+01
   1.5000000e+01   1.0175000e+01   3.4725000e+01
   1.5500000e+01   1.0532500e+01   3.4997500e+01
   1.6000000e+01   1.0890000e+01   3.5270000e+01
   1.6500000e+01   1.1247500e+01   3.5542500e+01
   1.7000000e+01   1.1605000e+01   3.5815000e+01
   1.7500000e+01   1.1962500e+01   3.6087500e+01
   1.8000000e+01   1.2320000e+01   3.6360000e+01
   1.8500000e+01   1.2677500e+01   3.6632500e+01
   1.9000000e+01   1.3035000e+01   3.6905000e+01
   1.9500000e+01   1.3392500e+01   3.7177500e+01
   2.0000000e+01   1.3750000e+01   3.7450000e+01
   2.0500000e+01   1.4107500e+01   3.7722500e+01
   2.1000000e+01   1.4465000e+01   3.7995000e+01
   2.1500000e+01   1.4822500e+01   3.8267500e+01
   2.2000000e+01   1.5180000e+01   3.8540000e+01
   2.2500000e+01   1.5537500e+01   3.8812500e+01
   2.3000000e+01   1.5895000e+01   3.9085000e+01
   2.3500000e+01   1.6252500e+01   3.9357500e+01
   2.4000000e+01   1.6610000e+01   3.9630000e+01
   2.4500000e+01   1.6967500e+01   3.9902500e+01
   2.5000000e+01   1.7325000e+01   4.0175000e+01
   2.5500000e+01   1.7682500e+01   4.0447500e+01
   2.6000000e+01   1.8040000e+01   4.0720000e+01
   2.6500000e+01   1.8397500e+01   4.0992500e+01
   2.7000000e+01   1.8755000e+01   4.1265000e+01
   2.7500000e+01   1.9112500e+01   4.1537500e+01
   2.8000000e+01   1.9470000e+01   4.1810000e+01
   2.8500000e+01   1.9827500e+01   4.2082500e+01
   2.9000000e+01   2.0185000e+01   4.2355000e+01
   2.9500000e+01   2.0542500e+01   4.2627500e+01
   3.0000000e+01   2.0900000e+01   4.2900000e+01
   3.0500000e+01   2.0900000e+01   4.2900000e+01
   3.1000000e+01   2.0900000e+01   4.2900000e+01
   3.1500000e+01   2.0900000e+01   4.2900000e+01
   3.2000000e+01   2.0900000e+01   4.2900000e+01
   3.2500000e+01   2.0900000e+01   4.2900000e+01
   3.3000000e+01   2.0900000e+01   4.2900000e+01
   3.3500000e+01   2.0900000e+01   4.2900000e+01
   3.4000000e+01   2.0900000e+01   4.2900000e+01
   3.4500000e+01   2.0900000e+01   4.2900000e+01
   3.5000000e+01   2.0900000e+01   4.2900000e+01
   3.5500000e+01   2.0900000e+01   4.2900000e+01
   3.6000000e+01   2.0900000e+01   4.2900000e+01
   3.6500000e+01   2.0900000e+01   4.2900000e+01
   3.7000000e+01   2.0900000e+01   4.2900000e+01
   3.7500000e+01   2.0900000e+01   4.2900000e+01
   3.8000000e+01   2.0900000e+01   4.2900000e+01
   3.8500000e+01   2.0900000e+01   4.2900000e+01
   3.9000000e+01   2.0900000e+01   4.2900000e+01
   3.9500000e+01   2.0900000e+01   4.2900000e+01
   4.0000000e+01   2.0900000e+01   4.2900000e+01
