   0.0000000e+00   1.6000000e+00   2.5740000e+00
   5.0000000e-01   1.9000000e+00   4.5207000e+00
   1.0000000e+00   2.2000000e+00   6.4674000e+00
   1.5000000e+00   2.5000000e+00   8.4141000e+00
   2.0000000e+00   2.8000000e+00   1.0360800e+01
   2.5000000e+00   3.1000000e+00   1.2307500e+01
   3.0000000e+00   3.4000000e+00   1.4254200e+01
   3.5000000e+00   3.7000000e+00   1.6200900e+01
   4.0000000e+00   4.0000000e+00   1.8147600e+01
   4.5000000e+00   4.3000000e+00   2.0094300e+01
   5.0000000e+00   4.6000000e+00   2.2041000e+01
   5.5000000e+00   5.2966667e+00   2.2758200e+01
   6.0000000e+00   5.9933333e+00   2.3475400e+01
   6.5000000e+00   6.6900000e+00   2.4192600e+01
   7.0000000e+00   7.3866667e+00   2.4909800e+01
   7.5000000e+00   8.0833333e+00   2.5627000e+01
   8.0000000e+00   8.7800000e+00   2.6344200e+01
   8.5000000e+00   9.4766667e+00   2.7061400e+01
   9.0000000e+00   1.0173333e+01   2.7778600e+01
   9.5000000e+00   1.0870000e+01   2.8495800e+01
   1.0000000e+01   1.1566667e+01   2.9213000e+01
   1.0500000e+01   1.2263333e+01   2.9853050e+01
   1.1000000e+01   1.2960000e+01   3.0493100e+01
   1.1500000e+01   1.3656667e+01   3.1133150e+01
   1.2000000e+01   1.4353333e+01   3.1773200e+01
   1.2500000e+01   1.5050000e+01   3.2413250e+01
   1.3000000e+01   1.5746667e+01   3.3053300e+01
   1.3500000e+01   1.6443333e+01   3.3693350e+01
   1.4000000e+01   1.7140000e+01   3.4333400e+01
   1.4500000e+01   1.7836667e+01   3.4973450e+01
   1.5000000e+01   1.8533333e+01   3.5613500e+01
   1.5500000e+01   1.9230000e+01   3.6253550e+01
   1.6000000e+01   1.9926667e+01   3.6893600e+01
   1.6500000e+01   2.0623333e+01   3.7533650e+01
   1.7000000e+01   2.1320000e+01   3.8173700e+01
   1.7500000e+01   2.2016667e+01   3.8813750e+01
   1.8000000e+01   2.2713333e+01   3.9453800e+01
   1.8500000e+01   2.3410000e+01   4.0093850e+01
   1.9000000e+01   2.4106667e+01   4.0733900e+01
   1.9500000e+01   2.4803333e+01   4.1373950e+01
   2.0000000e+01   2.5500000e+01   4.2014000e+01
   2.0500000e+01   2.5500000e+01   4.2654050e+01
   2.1000000e+01   2.5500000e+01   4.3294100e+01
   2.1500000e+01   2.5500000e+01   4.3934150e+01
   2.2000000e+01   2.5500000e+01   4.4574200e+01
   2.2500000e+01   2.5500000e+01   4.5214250e+01
   2.3000000e+01   2.5500000e+01   4.5854300e+01
   2.3500000e+01   2.5500000e+01   4.6494350e+01
   2.4000000e+01   2.5500000e+01   4.7134400e+01
   2.4500000e+01   2.5500000e+01   4.7774450e+01
   2.5000000e+01   2.5500000e+01   4.8414500e+01
   2.5500000e+01   2.5500000e+01   4.9054550e+01
   2.6000000e+01   2.5500000e+01   4.9694600e+01
   2.6500000e+01   2.5500000e+01   5.0334650e+01
   2.7000000e+01   2.5500000e+01   5.0974700e+01
   2.7500000e+01   2.5500000e+01   5.1614750e+01
   2.8000000e+01   2.5500000e+01   5.2254800e+01
   2.8500000e+01   2.5500000e+01   5.2894850e+01
   2.9000000e+01   2.5500000e+01   5.3534900e+01
   2.9500000e+01   2.5500000e+01   5.4174950e+01
   3.0000000e+01   2.5500000e+01   5.4815000e+01
   3.0500000e+01   2.5500000e+01   5.4815000e+01
   3.1000000e+01   2.5500000e+01   5.4815000e+01
   3.1500000e+01   2.5500000e+01   5.4815000e+01
   3.2000000e+01   2.5500000e+01   5.4815000e+01
   3.2500000e+01   2.5500000e+01   5.4815000e+01
   3.3000000e+01   2.5500000e+01   5.4815000e+01
   3.3500000e+01   2.5500000e+01   5.4815000e+01
   3.4000000e+01   2.5500000e+01   5.4815000e+01
   3.4500000e+01   2.5500000e+01   5.4815000e+01
   3.5000000e+01   2.5500000e+01   5.4815000e+01
   3.5500000e+01   2.5500000e+01   5.4815000e+01
   3.6000000e+01   2.5500000e+01   5.4815000e+01
   3.6500000e+01   2.5500000e+01   5.4815000e+01
   3.7000000e+01   2.5500000e+01   5.4815000e+01
   3.7500000e+01   2.5500000e+01   5.4815000e+01
   3.8000000e+01   2.5500000e+01   5.4815000e+01
   3.8500000e+01   2.5500000e+01   5.4815000e+01
   3.9000000e+01   2.5500000e+01   5.4815000e+01
   3.9500000e+01   2.5500000e+01   5.4815000e+01
   4.0000000e+01   2.5500000e+01   5.4815000e+01
