   0.0000000e+00   1.6000000e+00   1.3243000e+01
   5.0000000e-01   1.9000000e+00   1.6981300e+01
   1.0000000e+00   2.2000000e+00   2.0719600e+01
   1.5000000e+00   2.5000000e+00   2.4457900e+01
   2.0000000e+00   2.8000000e+00   2.8196200e+01
   2.5000000e+00   3.1000000e+00   3.1934500e+01
   3.0000000e+00   3.4000000e+00   3.5672800e+01
   3.5000000e+00   3.7000000e+00   3.9411100e+01
   4.0000000e+00   4.0000000e+00   4.3149400e+01
   4.5000000e+00   4.3000000e+00   4.6887700e+01
   5.0000000e+00   4.6000000e+00   5.0626000e+01
   5.5000000e+00   5.2966667e+00   4.9935800e+01
   6.0000000e+00   5.9933333e+00   4.9245600e+01
   6.5000000e+00   6.6900000e+00   4.8555400e+01
   7.0000000e+00   7.3866667e+00   4.7865200e+01
   7.5000000e+00   8.0833333e+00   4.7175000e+01
   8.0000000e+00   8.7800000e+00   4.6484800e+01
   8.5000000e+00   9.4766667e+00   4.5794600e+01
   9.0000000e+00   1.0173333e+01   4.5104400e+01
   9.5000000e+00   1.0870000e+01   4.4414200e+01
   1.0000000e+01   1.1566667e+01   4.3724000e+01
   1.0500000e+01   1.2263333e+01   4.3850650e+01
   1.1000000e+01   1.2960000e+01   4.3977300e+01
   1.1500000e+01   1.3656667e+01   4.4103950e+01
   1.2000000e+01   1.4353333e+01   4.4230600e+01
   1.2500000e+01   1.5050000e+01   4.4357250e+01
   1.3000000e+01   1.5746667e+01   4.4483900e+01
   1.3500000e+01   1.6443333e+01   4.4610550e+01
   1.4000000e+01   1.7140000e+01   4.4737200e+01
   1.4500000e+01   1.7836667e+01   4.4863850e+01
   1.5000000e+01   1.8533333e+01   4.4990500e+01
   1.5500000e+01   1.9230000e+01   4.5117150e+01
   1.6000000e+01   1.9926667e+01   4.5243800e+01
   1.6500000e+01   2.0623333e+01   4.5370450e+01
   1.7000000e+01   2.1320000e+01   4.5497100e+01
   1.7500000e+01   2.2016667e+01   4.5623750e+01
   1.8000000e+01   2.2713333e+01   4.5750400e+01
   1.8500000e+01   2.3410000e+01   4.5877050e+01
   1.9000000e+01   2.4106667e+01   4.6003700e+01
   1.9500000e+01   2.4803333e+01   4.6130350e+01
   2.0000000e+01   2.5500000e+01   4.6257000e+01
   2.0500000e+01   2.5500000e+01   4.6383650e+01
   2.1000000e+01   2.5500000e+01   4.6510300e+01
   2.1500000e+01   2.5500000e+01   4.6636950e+01
   2.2000000e+01   2.5500000e+01   4.6763600e+01
   2.2500000e+01   2.5500000e+01   4.6890250e+01
   2.3000000e+01   2.5500000e+01   4.7016900e+01
   2.3500000e+01   2.5500000e+01   4.7143550e+01
   2.4000000e+01   2.5500000e+01   4.7270200e+01
   2.4500000e+01   2.5500000e+01   4.7396850e+01
   2.5000000e+01   2.5500000e+01   4.7523500e+01
   2.5500000e+01   2.5500000e+01   4.7650150e+01
   2.6000000e+01   2.5500000e+01   4.7776800e+01
   2.6500000e+01   2.5500000e+01   4.7903450e+01
   2.7000000e+01   2.5500000e+01   4.8030100e+01
   2.7500000e+01   2.5500000e+01   4.8156750e+01
   2.8000000e+01   2.5500000e+01   4.8283400e+01
   2.8500000e+01   2.5500000e+01   4.8410050e+01
   2.9000000e+01   2.5500000e+01   4.8536700e+01
   2.9500000e+01   2.5500000e+01   4.8663350e+01
   3.0000000e+01   2.5500000e+01   4.8790000e+01
   3.0500000e+01   2.5500000e+01   4.8790000e+01
   3.1000000e+01   2.5500000e+01   4.8790000e+01
   3.1500000e+01   2.5500000e+01   4.8790000e+01
   3.2000000e+01   2.5500000e+01   4.8790000e+01
   3.2500000e+01   2.5500000e+01   4.8790000e+01
   3.3000000e+01   2.5500000e+01   4.8790000e+01
   3.3500000e+01   2.5500000e+01   4.8790000e+01
   3.4000000e+01   2.5500000e+01   4.8790000e+01
   3.4500000e+01   2.5500000e+01   4.8790000e+01
   3.5000000e+01   2.5500000e+01   4.8790000e+01
   3.5500000e+01   2.5500000e+01   4.8790000e+01
   3.6000000e+01   2.5500000e+01   4.8790000e+01
   3.6500000e+01   2.5500000e+01   4.8790000e+01
   3.7000000e+01   2.5500000e+01   4.8790000e+01
   3.7500000e+01   2.5500000e+01   4.8790000e+01
   3.8000000e+01   2.5500000e+01   4.8790000e+01
   3.8500000e+01   2.5500000e+01   4.8790000e+01
   3.9000000e+01   2.5500000e+01   4.8790000e+01
   3.9500000e+01   2.5500000e+01   4.8790000e+01
   4.0000000e+01   2.5500000e+01   4.8790000e+01
