   0.0000000e+00   1.6000000e+00   2.7320000e+01
   5.0000000e-01   1.9000000e+00   2.6372800e+01
   1.0000000e+00   2.2000000e+00   2.5425600e+01
   1.5000000e+00   2.5000000e+00   2.4478400e+01
   2.0000000e+00   2.8000000e+00   2.3531200e+01
   2.5000000e+00   3.1000000e+00   2.2584000e+01
   3.0000000e+00   3.4000000e+00   2.1636800e+01
   3.5000000e+00   3.7000000e+00   2.0689600e+01
   4.0000000e+00   4.0000000e+00   1.9742400e+01
   4.5000000e+00   4.3000000e+00   1.8795200e+01
   5.0000000e+00   4.6000000e+00   1.7848000e+01
   5.5000000e+00   5.2966667e+00   1.8898300e+01
   6.0000000e+00   5.9933333e+00   1.9948600e+01
   6.5000000e+00   6.6900000e+00   2.0998900e+01
   7.0000000e+00   7.3866667e+00   2.2049200e+01
   7.5000000e+00   8.0833333e+00   2.3099500e+01
   8.0000000e+00   8.7800000e+00   2.4149800e+01
   8.5000000e+00   9.4766667e+00   2.5200100e+01
   9.0000000e+00   1.0173333e+01   2.6250400e+01
   9.5000000e+00   1.0870000e+01   2.7300700e+01
   1.0000000e+01   1.1566667e+01   2.8351000e+01
   1.0500000e+01   1.2263333e+01   2.8509175e+01
   1.1000000e+01   1.2960000e+01   2.8667350e+01
   1.1500000e+01   1.3656667e+01   2.8825525e+01
   1.2000000e+01   1.4353333e+01   2.8983700e+01
   1.2500000e+01   1.5050000e+01   2.9141875e+01
   1.3000000e+01   1.5746667e+01   2.9300050e+01
   1.3500000e+01   1.6443333e+01   2.9458225e+01
   1.4000000e+01   1.7140000e+01   2.9616400e+01
   1.4500000e+01   1.7836667e+01   2.9774575e+01
   1.5000000e+01   1.8533333e+01   2.9932750e+01
   1.5500000e+01   1.9230000e+01   3.0090925e+01
   1.6000000e+01   1.9926667e+01   3.0249100e+01
   1.6500000e+01   2.0623333e+01   3.0407275e+01
   1.7000000e+01   2.1320000e+01   3.0565450e+01
   1.7500000e+01   2.2016667e+01   3.0723625e+01
   1.8000000e+01   2.2713333e+01   3.0881800e+01
   1.8500000e+01   2.3410000e+01   3.1039975e+01
   1.9000000e+01   2.4106667e+01   3.1198150e+01
   1.9500000e+01   2.4803333e+01   3.1356325e+01
   2.0000000e+01   2.5500000e+01   3.1514500e+01
   2.0500000e+01   2.5500000e+01   3.1672675e+01
   2.1000000e+01   2.5500000e+01   3.1830850e+01
   2.1500000e+01   2.5500000e+01   3.1989025e+01
   2.2000000e+01   2.5500000e+01   3.2147200e+01
   2.2500000e+01   2.5500000e+01   3.2305375e+01
   2.3000000e+01   2.5500000e+01   3.2463550e+01
   2.3500000e+01   2.5500000e+01   3.2621725e+01
   2.4000000e+01   2.5500000e+01   3.2779900e+01
   2.4500000e+01   2.5500000e+01   3.2938075e+01
   2.5000000e+01   2.5500000e+01   3.3096250e+01
   2.5500000e+01   2.5500000e+01   3.3254425e+01
   2.6000000e+01   2.5500000e+01   3.3412600e+01
   2.6500000e+01   2.5500000e+01   3.3570775e+01
   2.7000000e+01   2.5500000e+01   3.3728950e+01
   2.7500000e+01   2.5500000e+01   3.3887125e+01
   2.8000000e+01   2.5500000e+01   3.4045300e+01
   2.8500000e+01   2.5500000e+01   3.4203475e+01
   2.9000000e+01   2.5500000e+01   3.4361650e+01
   2.9500000e+01   2.5500000e+01   3.4519825e+01
   3.0000000e+01   2.5500000e+01   3.4678000e+01
   3.0500000e+01   2.5500000e+01   3.4678000e+01
   3.1000000e+01   2.5500000e+01   3.4678000e+01
   3.1500000e+01   2.5500000e+01   3.4678000e+01
   3.2000000e+01   2.5500000e+01   3.4678000e+01
   3.2500000e+01   2.5500000e+01   3.4678000e+01
   3.3000000e+01   2.5500000e+01   3.4678000e+01
   3.3500000e+01   2.5500000e+01   3.4678000e+01
   3.4000000e+01   2.5500000e+01   3.4678000e+01
   3.4500000e+01   2.5500000e+01   3.4678000e+01
   3.5000000e+01   2.5500000e+01   3.4678000e+01
   3.5500000e+01   2.5500000e+01   3.4678000e+01
   3.6000000e+01   2.5500000e+01   3.4678000e+01
   3.6500000e+01   2.5500000e+01   3.4678000e+01
   3.7000000e+01   2.5500000e+01   3.4678000e+01
   3.7500000e+01   2.5500000e+01   3.4678000e+01
   3.8000000e+01   2.5500000e+01   3.4678000e+01
   3.8500000e+01   2.5500000e+01   3.4678000e+01
   3.9000000e+01   2.5500000e+01   3.4678000e+01
   3.9500000e+01   2.5500000e+01   3.4678000e+01
   4.0000000e+01   2.5500000e+01   3.4678000e+01
