   0.0000000e+00   1.6000000e+00   5.3310000e+01
   5.0000000e-01   1.9000000e+00   5.3344000e+01
   1.0000000e+00   2.2000000e+00   5.3378000e+01
   1.5000000e+00   2.5000000e+00   5.3412000e+01
   2.0000000e+00   2.8000000e+00   5.3446000e+01
   2.5000000e+00   3.1000000e+00   5.3480000e+01
   3.0000000e+00   3.4000000e+00   5.3514000e+01
   3.5000000e+00   3.7000000e+00   5.3548000e+01
   4.0000000e+00   4.0000000e+00   5.3582000e+01
   4.5000000e+00   4.3000000e+00   5.3616000e+01
   5.0000000e+00   4.6000000e+00   5.3650000e+01
   5.5000000e+00   5.2966667e+00   5.3675000e+01
   6.0000000e+00   5.9933333e+00   5.3700000e+01
   6.5000000e+00   6.6900000e+00   5.3725000e+01
   7.0000000e+00   7.3866667e+00   5.3750000e+01
   7.5000000e+00   8.0833333e+00   5.3775000e+01
   8.0000000e+00   8.7800000e+00   5.3800000e+01
   8.5000000e+00   9.4766667e+00   5.3825000e+01
   9.0000000e+00   1.0173333e+01   5.3850000e+01
   9.5000000e+00   1.0870000e+01   5.3875000e+01
   1.0000000e+01   1.1566667e+01   5.3900000e+01
   1.0500000e+01   1.2263333e+01   5.3905250e+01
   1.1000000e+01   1.2960000e+01   5.3910500e+01
   1.1500000e+01   1.3656667e+01   5.3915750e+01
   1.2000000e+01   1.4353333e+01   5.3921000e+01
   1.2500000e+01   1.5050000e+01   5.3926250e+01
   1.3000000e+01   1.5746667e+01   5.3931500e+01
   1.3500000e+01   1.6443333e+01   5.3936750e+01
   1.4000000e+01   1.7140000e+01   5.3942000e+01
   1.4500000e+01   1.7836667e+01   5.3947250e+01
   1.5000000e+01   1.8533333e+01   5.3952500e+01
   1.5500000e+01   1.9230000e+01   5.3957750e+01
   1.6000000e+01   1.9926667e+01   5.3963000e+01
   1.6500000e+01   2.0623333e+01   5.3968250e+01
   1.7000000e+01   2.1320000e+01   5.3973500e+01
   1.7500000e+01   2.2016667e+01   5.3978750e+01
   1.8000000e+01   2.2713333e+01   5.3984000e+01
   1.8500000e+01   2.3410000e+01   5.3989250e+01
   1.9000000e+01   2.4106667e+01   5.3994500e+01
   1.9500000e+01   2.4803333e+01   5.3999750e+01
   2.0000000e+01   2.5500000e+01   5.4005000e+01
   2.0500000e+01   2.5500000e+01   5.4010250e+01
   2.1000000e+01   2.5500000e+01   5.4015500e+01
   2.1500000e+01   2.5500000e+01   5.4020750e+01
   2.2000000e+01   2.5500000e+01   5.4026000e+01
   2.2500000e+01   2.5500000e+01   5.4031250e+01
   2.3000000e+01   2.5500000e+01   5.4036500e+01
   2.3500000e+01   2.5500000e+01   5.4041750e+01
   2.4000000e+01   2.5500000e+01   5.4047000e+01
   2.4500000e+01   2.5500000e+01   5.4052250e+01
   2.5000000e+01   2.5500000e+01   5.4057500e+01
   2.5500000e+01   2.5500000e+01   5.4062750e+01
   2.6000000e+01   2.5500000e+01   5.4068000e+01
   2.6500000e+01   2.5500000e+01   5.4073250e+01
   2.7000000e+01   2.5500000e+01   5.4078500e+01
   2.7500000e+01   2.5500000e+01   5.4083750e+01
   2.8000000e+01   2.5500000e+01   5.4089000e+01
   2.8500000e+01   2.5500000e+01   5.4094250e+01
   2.9000000e+01   2.5500000e+01   5.4099500e+01
   2.9500000e+01   2.5500000e+01   5.4104750e+01
   3.0000000e+01   2.5500000e+01   5.4110000e+01
   3.0500000e+01   2.5500000e+01   5.4110000e+01
   3.1000000e+01   2.5500000e+01   5.4110000e+01
   3.1500000e+01   2.5500000e+01   5.4110000e+01
   3.2000000e+01   2.5500000e+01   5.4110000e+01
   3.2500000e+01   2.5500000e+01   5.4110000e+01
   3.3000000e+01   2.5500000e+01   5.4110000e+01
   3.3500000e+01   2.5500000e+01   5.4110000e+01
   3.4000000e+01   2.5500000e+01   5.4110000e+01
   3.4500000e+01   2.5500000e+01   5.4110000e+01
   3.5000000e+01   2.5500000e+01   5.4110000e+01
   3.5500000e+01   2.5500000e+01   5.4110000e+01
   3.6000000e+01   2.5500000e+01   5.4110000e+01
   3.6500000e+01   2.5500000e+01   5.4110000e+01
   3.7000000e+01   2.5500000e+01   5.4110000e+01
   3.7500000e+01   2.5500000e+01   5.4110000e+01
   3.8000000e+01   2.5500000e+01   5.4110000e+01
   3.8500000e+01   2.5500000e+01   5.4110000e+01
   3.9000000e+01   2.5500000e+01   5.4110000e+01
   3.9500000e+01   2.5500000e+01   5.4110000e+01
   4.0000000e+01   2.5500000e+01   5.4110000e+01
