   0.0000000e+00   1.6000000e+00   5.0450000e+00
   5.0000000e-01   1.9000000e+00   5.2038000e+00
   1.0000000e+00   2.2000000e+00   5.3626000e+00
   1.5000000e+00   2.5000000e+00   5.5214000e+00
   2.0000000e+00   2.8000000e+00   5.6802000e+00
   2.5000000e+00   3.1000000e+00   5.8390000e+00
   3.0000000e+00   3.4000000e+00   5.9978000e+00
   3.5000000e+00   3.7000000e+00   6.1566000e+00
   4.0000000e+00   4.0000000e+00   6.3154000e+00
   4.5000000e+00   4.3000000e+00   6.4742000e+00
   5.0000000e+00   4.6000000e+00   6.6330000e+00
   5.5000000e+00   5.2966667e+00   6.5727000e+00
   6.0000000e+00   5.9933333e+00   6.5124000e+00
   6.5000000e+00   6.6900000e+00   6.4521000e+00
   7.0000000e+00   7.3866667e+00   6.3918000e+00
   7.5000000e+00   8.0833333e+00   6.3315000e+00
   8.0000000e+00   8.7800000e+00   6.2712000e+00
   8.5000000e+00   9.4766667e+00   6.2109000e+00
   9.0000000e+00   1.0173333e+01   6.1506000e+00
   9.5000000e+00   1.0870000e+01   6.0903000e+00
   1.0000000e+01   1.1566667e+01   6.0300000e+00
   1.0500000e+01   1.2263333e+01   7.1784500e+00
   1.1000000e+01   1.2960000e+01   8.3269000e+00
   1.1500000e+01   1.3656667e+01   9.4753500e+00
   1.2000000e+01   1.4353333e+01   1.0623800e+01
   1.2500000e+01   1.5050000e+01   1.1772250e+01
   1.3000000e+01   1.5746667e+01   1.2920700e+01
   1.3500000e+01   1.6443333e+01   1.4069150e+01
   1.4000000e+01   1.7140000e+01   1.5217600e+01
   1.4500000e+01   1.7836667e+01   1.6366050e+01
   1.5000000e+01   1.8533333e+01   1.7514500e+01
   1.5500000e+01   1.9230000e+01   1.8662950e+01
   1.6000000e+01   1.9926667e+01   1.9811400e+01
   1.6500000e+01   2.0623333e+01   2.0959850e+01
   1.7000000e+01   2.1320000e+01   2.2108300e+01
   1.7500000e+01   2.2016667e+01   2.3256750e+01
   1.8000000e+01   2.2713333e+01   2.4405200e+01
   1.8500000e+01   2.3410000e+01   2.5553650e+01
   1.9000000e+01   2.4106667e+01   2.6702100e+01
   1.9500000e+01   2.4803333e+01   2.7850550e+01
   2.0000000e+01   2.5500000e+01   2.8999000e+01
   2.0500000e+01   2.5500000e+01   3.0147450e+01
   2.1000000e+01   2.5500000e+01   3.1295900e+01
   2.1500000e+01   2.5500000e+01   3.2444350e+01
   2.2000000e+01   2.5500000e+01   3.3592800e+01
   2.2500000e+01   2.5500000e+01   3.4741250e+01
   2.3000000e+01   2.5500000e+01   3.5889700e+01
   2.3500000e+01   2.5500000e+01   3.7038150e+01
   2.4000000e+01   2.5500000e+01   3.8186600e+01
   2.4500000e+01   2.5500000e+01   3.9335050e+01
   2.5000000e+01   2.5500000e+01   4.0483500e+01
   2.5500000e+01   2.5500000e+01   4.1631950e+01
   2.6000000e+01   2.5500000e+01   4.2780400e+01
   2.6500000e+01   2.5500000e+01   4.3928850e+01
   2.7000000e+01   2.5500000e+01   4.5077300e+01
   2.7500000e+01   2.5500000e+01   4.6225750e+01
   2.8000000e+01   2.5500000e+01   4.7374200e+01
   2.8500000e+01   2.5500000e+01   4.8522650e+01
   2.9000000e+01   2.5500000e+01   4.9671100e+01
   2.9500000e+01   2.5500000e+01   5.0819550e+01
   3.0000000e+01   2.5500000e+01   5.1968000e+01
   3.0500000e+01   2.5500000e+01   5.1968000e+01
   3.1000000e+01   2.5500000e+01   5.1968000e+01
   3.1500000e+01   2.5500000e+01   5.1968000e+01
   3.2000000e+01   2.5500000e+01   5.1968000e+01
   3.2500000e+01   2.5500000e+01   5.1968000e+01
   3.3000000e+01   2.5500000e+01   5.1968000e+01
   3.3500000e+01   2.5500000e+01   5.1968000e+01
   3.4000000e+01   2.5500000e+01   5.1968000e+01
   3.4500000e+01   2.5500000e+01   5.1968000e+01
   3.5000000e+01   2.5500000e+01   5.1968000e+01
   3.5500000e+01   2.5500000e+01   5.1968000e+01
   3.6000000e+01   2.5500000e+01   5.1968000e+01
   3.6500000e+01   2.5500000e+01   5.1968000e+01
   3.7000000e+01   2.5500000e+01   5.1968000e+01
   3.7500000e+01   2.5500000e+01   5.1968000e+01
   3.8000000e+01   2.5500000e+01   5.1968000e+01
   3.8500000e+01   2.5500000e+01   5.1968000e+01
   3.9000000e+01   2.5500000e+01   5.1968000e+01
   3.9500000e+01   2.5500000e+01   5.1968000e+01
   4.0000000e+01   2.5500000e+01   5.1968000e+01
