   0.0000000e+00   1.1000000e+00   3.9800000e+01
   5.0000000e-01   2.2500000e+00   3.9710000e+01
   1.0000000e+00   3.4000000e+00   3.9620000e+01
   1.5000000e+00   4.5500000e+00   3.9530000e+01
   2.0000000e+00   5.7000000e+00   3.9440000e+01
   2.5000000e+00   6.8500000e+00   3.9350000e+01
   3.0000000e+00   8.0000000e+00   3.9260000e+01
   3.5000000e+00   9.1500000e+00   3.9170000e+01
   4.0000000e+00   1.0300000e+01   3.9080000e+01
   4.5000000e+00   1.1450000e+01   3.8990000e+01
   5.0000000e+00   1.2600000e+01   3.8900000e+01
   5.5000000e+00   1.3180000e+01   3.9260000e+01
   6.0000000e+00   1.3760000e+01   3.9620000e+01
   6.5000000e+00   1.4340000e+01   3.9980000e+01
   7.0000000e+00   1.4920000e+01   4.0340000e+01
   7.5000000e+00   1.5500000e+01   4.0700000e+01
   8.0000000e+00   1.6080000e+01   4.1060000e+01
   8.5000000e+00   1.6660000e+01   4.1420000e+01
   9.0000000e+00   1.7240000e+01   4.1780000e+01
   9.5000000e+00   1.7820000e+01   4.2140000e+01
   1.0000000e+01   1.8400000e+01   4.2500000e+01
   1.0500000e+01   1.8577500e+01   4.2670000e+01
   1.1000000e+01   1.8755000e+01   4.2840000e+01
   1.1500000e+01   1.8932500e+01   4.3010000e+01
   1.2000000e+01   1.9110000e+01   4.3180000e+01
   1.2500000e+01   1.9287500e+01   4.3350000e+01
   1.3000000e+01   1.9465000e+01   4.3520000e+01
   1.3500000e+01   1.9642500e+01   4.3690000e+01
   1.4000000e+01   1.9820000e+01   4.3860000e+01
   1.4500000e+01   1.9997500e+01   4.4030000e+01
   1.5000000e+01   2.0175000e+01   4.4200000e+01
   1.5500000e+01   2.0352500e+01   4.4370000e+01
   1.6000000e+01   2.0530000e+01   4.4540000e+01
   1.6500000e+01   2.0707500e+01   4.4710000e+01
   1.7000000e+01   2.0885000e+01   4.4880000e+01
   1.7500000e+01   2.1062500e+01   4.5050000e+01
   1.8000000e+01   2.1240000e+01   4.5220000e+01
   1.8500000e+01   2.1417500e+01   4.5390000e+01
   1.9000000e+01   2.1595000e+01   4.5560000e+01
   1.9500000e+01   2.1772500e+01   4.5730000e+01
   2.0000000e+01   2.1950000e+01   4.5900000e+01
   2.0500000e+01   2.2127500e+01   4.6070000e+01
   2.1000000e+01   2.2305000e+01   4.6240000e+01
   2.1500000e+01   2.2482500e+01   4.6410000e+01
   2.2000000e+01   2.2660000e+01   4.6580000e+01
   2.2500000e+01   2.2837500e+01   4.6750000e+01
   2.3000000e+01   2.3015000e+01   4.6920000e+01
   2.3500000e+01   2.3192500e+01   4.7090000e+01
   2.4000000e+01   2.3370000e+01   4.7260000e+01
   2.4500000e+01   2.3547500e+01   4.7430000e+01
   2.5000000e+01   2.3725000e+01   4.7600000e+01
   2.5500000e+01   2.3902500e+01   4.7770000e+01
   2.6000000e+01   2.4080000e+01   4.7940000e+01
   2.6500000e+01   2.4257500e+01   4.8110000e+01
   2.7000000e+01   2.4435000e+01   4.8280000e+01
   2.7500000e+01   2.4612500e+01   4.8450000e+01
   2.8000000e+01   2.4790000e+01   4.8620000e+01
   2.8500000e+01   2.4967500e+01   4.8790000e+01
   2.9000000e+01   2.5145000e+01   4.8960000e+01
   2.9500000e+01   2.5322500e+01   4.9130000e+01
   3.0000000e+01   2.5500000e+01   4.9300000e+01
   3.0500000e+01   2.5500000e+01   4.9300000e+01
   3.1000000e+01   2.5500000e+01   4.9300000e+01
   3.1500000e+01   2.5500000e+01   4.9300000e+01
   3.2000000e+01   2.5500000e+01   4.9300000e+01
   3.2500000e+01   2.5500000e+01   4.9300000e+01
   3.3000000e+01   2.5500000e+01   4.9300000e+01
   3.3500000e+01   2.5500000e+01   4.9300000e+01
   3.4000000e+01   2.5500000e+01   4.9300000e+01
   3.4500000e+01   2.5500000e+01   4.9300000e+01
   3.5000000e+01   2.5500000e+01   4.9300000e+01
   3.5500000e+01   2.5500000e+01   4.9300000e+01
   3.6000000e+01   2.5500000e+01   4.9300000e+01
   3.6500000e+01   2.5500000e+01   4.9300000e+01
   3.7000000e+01   2.5500000e+01   4.9300000e+01
   3.7500000e+01   2.5500000e+01   4.9300000e+01
   3.8000000e+01   2.5500000e+01   4.9300000e+01
   3.8500000e+01   2.5500000e+01   4.9300000e+01
   3.9000000e+01   2.5500000e+01   4.9300000e+01
   3.9500000e+01   2.5500000e+01   4.9300000e+01
   4.0000000e+01   2.5500000e+01   4.9300000e+01
