   0.0000000e+00   1.6000000e+00   4.2924000e+01
   5.0000000e-01   1.9000000e+00   4.3283900e+01
   1.0000000e+00   2.2000000e+00   4.3643800e+01
   1.5000000e+00   2.5000000e+00   4.4003700e+01
   2.0000000e+00   2.8000000e+00   4.4363600e+01
   2.5000000e+00   3.1000000e+00   4.4723500e+01
   3.0000000e+00   3.4000000e+00   4.5083400e+01
   3.5000000e+00   3.7000000e+00   4.5443300e+01
   4.0000000e+00   4.0000000e+00   4.5803200e+01
   4.5000000e+00   4.3000000e+00   4.6163100e+01
   5.0000000e+00   4.6000000e+00   4.6523000e+01
   5.5000000e+00   5.2966667e+00   4.6664700e+01
   6.0000000e+00   5.9933333e+00   4.6806400e+01
   6.5000000e+00   6.6900000e+00   4.6948100e+01
   7.0000000e+00   7.3866667e+00   4.7089800e+01
   7.5000000e+00   8.0833333e+00   4.7231500e+01
   8.0000000e+00   8.7800000e+00   4.7373200e+01
   8.5000000e+00   9.4766667e+00   4.7514900e+01
   9.0000000e+00   1.0173333e+01   4.7656600e+01
   9.5000000e+00   1.0870000e+01   4.7798300e+01
   1.0000000e+01   1.1566667e+01   4.7940000e+01
   1.0500000e+01   1.2263333e+01   4.7979750e+01
   1.1000000e+01   1.2960000e+01   4.8019500e+01
   1.1500000e+01   1.3656667e+01   4.8059250e+01
   1.2000000e+01   1.4353333e+01   4.8099000e+01
   1.2500000e+01   1.5050000e+01   4.8138750e+01
   1.3000000e+01   1.5746667e+01   4.8178500e+01
   1.3500000e+01   1.6443333e+01   4.8218250e+01
   1.4000000e+01   1.7140000e+01   4.8258000e+01
   1.4500000e+01   1.7836667e+01   4.8297750e+01
   1.5000000e+01   1.8533333e+01   4.8337500e+01
   1.5500000e+01   1.9230000e+01   4.8377250e+01
   1.6000000e+01   1.9926667e+01   4.8417000e+01
   1.6500000e+01   2.0623333e+01   4.8456750e+01
   1.7000000e+01   2.1320000e+01   4.8496500e+01
   1.7500000e+01   2.2016667e+01   4.8536250e+01
   1.8000000e+01   2.2713333e+01   4.8576000e+01
   1.8500000e+01   2.3410000e+01   4.8615750e+01
   1.9000000e+01   2.4106667e+01   4.8655500e+01
   1.9500000e+01   2.4803333e+01   4.8695250e+01
   2.0000000e+01   2.5500000e+01   4.8735000e+01
   2.0500000e+01   2.5500000e+01   4.8774750e+01
   2.1000000e+01   2.5500000e+01   4.8814500e+01
   2.1500000e+01   2.5500000e+01   4.8854250e+01
   2.2000000e+01   2.5500000e+01   4.8894000e+01
   2.2500000e+01   2.5500000e+01   4.8933750e+01
   2.3000000e+01   2.5500000e+01   4.8973500e+01
   2.3500000e+01   2.5500000e+01   4.9013250e+01
   2.4000000e+01   2.5500000e+01   4.9053000e+01
   2.4500000e+01   2.5500000e+01   4.9092750e+01
   2.5000000e+01   2.5500000e+01   4.9132500e+01
   2.5500000e+01   2.5500000e+01   4.9172250e+01
   2.6000000e+01   2.5500000e+01   4.9212000e+01
   2.6500000e+01   2.5500000e+01   4.9251750e+01
   2.7000000e+01   2.5500000e+01   4.9291500e+01
   2.7500000e+01   2.5500000e+01   4.9331250e+01
   2.8000000e+01   2.5500000e+01   4.9371000e+01
   2.8500000e+01   2.5500000e+01   4.9410750e+01
   2.9000000e+01   2.5500000e+01   4.9450500e+01
   2.9500000e+01   2.5500000e+01   4.9490250e+01
   3.0000000e+01   2.5500000e+01   4.9530000e+01
   3.0500000e+01   2.5500000e+01   4.9530000e+01
   3.1000000e+01   2.5500000e+01   4.9530000e+01
   3.1500000e+01   2.5500000e+01   4.9530000e+01
   3.2000000e+01   2.5500000e+01   4.9530000e+01
   3.2500000e+01   2.5500000e+01   4.9530000e+01
   3.3000000e+01   2.5500000e+01   4.9530000e+01
   3.3500000e+01   2.5500000e+01   4.9530000e+01
   3.4000000e+01   2.5500000e+01   4.9530000e+01
   3.4500000e+01   2.5500000e+01   4.9530000e+01
   3.5000000e+01   2.5500000e+01   4.9530000e+01
   3.5500000e+01   2.5500000e+01   4.9530000e+01
   3.6000000e+01   2.5500000e+01   4.9530000e+01
   3.6500000e+01   2.5500000e+01   4.9530000e+01
   3.7000000e+01   2.5500000e+01   4.9530000e+01
   3.7500000e+01   2.5500000e+01   4.9530000e+01
   3.8000000e+01   2.5500000e+01   4.9530000e+01
   3.8500000e+01   2.5500000e+01   4.9530000e+01
   3.9000000e+01   2.5500000e+01   4.9530000e+01
   3.9500000e+01   2.5500000e+01   4.9530000e+01
   4.0000000e+01   2.5500000e+01   4.9530000e+01
