   0.0000000e+00   1.6000000e+00   2.4900000e+01
   5.0000000e-01   1.9000000e+00   2.3470000e+01
   1.0000000e+00   2.2000000e+00   2.2040000e+01
   1.5000000e+00   2.5000000e+00   2.0610000e+01
   2.0000000e+00   2.8000000e+00   1.9180000e+01
   2.5000000e+00   3.1000000e+00   1.7750000e+01
   3.0000000e+00   3.4000000e+00   1.6320000e+01
   3.5000000e+00   3.7000000e+00   1.4890000e+01
   4.0000000e+00   4.0000000e+00   1.3460000e+01
   4.5000000e+00   4.3000000e+00   1.2030000e+01
   5.0000000e+00   4.6000000e+00   1.0600000e+01
   5.5000000e+00   5.2966667e+00   1.1180000e+01
   6.0000000e+00   5.9933333e+00   1.1760000e+01
   6.5000000e+00   6.6900000e+00   1.2340000e+01
   7.0000000e+00   7.3866667e+00   1.2920000e+01
   7.5000000e+00   8.0833333e+00   1.3500000e+01
   8.0000000e+00   8.7800000e+00   1.4080000e+01
   8.5000000e+00   9.4766667e+00   1.4660000e+01
   9.0000000e+00   1.0173333e+01   1.5240000e+01
   9.5000000e+00   1.0870000e+01   1.5820000e+01
   1.0000000e+01   1.1566667e+01   1.6400000e+01
   1.0500000e+01   1.2263333e+01   1.6980000e+01
   1.1000000e+01   1.2960000e+01   1.7560000e+01
   1.1500000e+01   1.3656667e+01   1.8140000e+01
   1.2000000e+01   1.4353333e+01   1.8720000e+01
   1.2500000e+01   1.5050000e+01   1.9300000e+01
   1.3000000e+01   1.5746667e+01   1.9880000e+01
   1.3500000e+01   1.6443333e+01   2.0460000e+01
   1.4000000e+01   1.7140000e+01   2.1040000e+01
   1.4500000e+01   1.7836667e+01   2.1620000e+01
   1.5000000e+01   1.8533333e+01   2.2200000e+01
   1.5500000e+01   1.9230000e+01   2.2406667e+01
   1.6000000e+01   1.9926667e+01   2.2613333e+01
   1.6500000e+01   2.0623333e+01   2.2820000e+01
   1.7000000e+01   2.1320000e+01   2.3026667e+01
   1.7500000e+01   2.2016667e+01   2.3233333e+01
   1.8000000e+01   2.2713333e+01   2.3440000e+01
   1.8500000e+01   2.3410000e+01   2.3646667e+01
   1.9000000e+01   2.4106667e+01   2.3853333e+01
   1.9500000e+01   2.4803333e+01   2.4060000e+01
   2.0000000e+01   2.5500000e+01   2.4266667e+01
   2.0500000e+01   2.5500000e+01   2.4473333e+01
   2.1000000e+01   2.5500000e+01   2.4680000e+01
   2.1500000e+01   2.5500000e+01   2.4886667e+01
   2.2000000e+01   2.5500000e+01   2.5093333e+01
   2.2500000e+01   2.5500000e+01   2.5300000e+01
   2.3000000e+01   2.5500000e+01   2.5506667e+01
   2.3500000e+01   2.5500000e+01   2.5713333e+01
   2.4000000e+01   2.5500000e+01   2.5920000e+01
   2.4500000e+01   2.5500000e+01   2.6126667e+01
   2.5000000e+01   2.5500000e+01   2.6333333e+01
   2.5500000e+01   2.5500000e+01   2.6540000e+01
   2.6000000e+01   2.5500000e+01   2.6746667e+01
   2.6500000e+01   2.5500000e+01   2.6953333e+01
   2.7000000e+01   2.5500000e+01   2.7160000e+01
   2.7500000e+01   2.5500000e+01   2.7366667e+01
   2.8000000e+01   2.5500000e+01   2.7573333e+01
   2.8500000e+01   2.5500000e+01   2.7780000e+01
   2.9000000e+01   2.5500000e+01   2.7986667e+01
   2.9500000e+01   2.5500000e+01   2.8193333e+01
   3.0000000e+01   2.5500000e+01   2.8400000e+01
   3.0500000e+01   2.5500000e+01   2.8400000e+01
   3.1000000e+01   2.5500000e+01   2.8400000e+01
   3.1500000e+01   2.5500000e+01   2.8400000e+01
   3.2000000e+01   2.5500000e+01   2.8400000e+01
   3.2500000e+01   2.5500000e+01   2.8400000e+01
   3.3000000e+01   2.5500000e+01   2.8400000e+01
   3.3500000e+01   2.5500000e+01   2.8400000e+01
   3.4000000e+01   2.5500000e+01   2.8400000e+01
   3.4500000e+01   2.5500000e+01   2.8400000e+01
   3.5000000e+01   2.5500000e+01   2.8400000e+01
   3.5500000e+01   2.5500000e+01   2.8400000e+01
   3.6000000e+01   2.5500000e+01   2.8400000e+01
   3.6500000e+01   2.5500000e+01   2.8400000e+01
   3.7000000e+01   2.5500000e+01   2.8400000e+01
   3.7500000e+01   2.5500000e+01   2.8400000e+01
   3.8000000e+01   2.5500000e+01   2.8400000e+01
   3.8500000e+01   2.5500000e+01   2.8400000e+01
   3.9000000e+01   2.5500000e+01   2.8400000e+01
   3.9500000e+01   2.5500000e+01   2.8400000e+01
   4.0000000e+01   2.5500000e+01   2.8400000e+01
