   0.0000000e+00   1.6000000e+00   3.4200000e+01
   5.0000000e-01   1.9000000e+00   3.4170000e+01
   1.0000000e+00   2.2000000e+00   3.4140000e+01
   1.5000000e+00   2.5000000e+00   3.4110000e+01
   2.0000000e+00   2.8000000e+00   3.4080000e+01
   2.5000000e+00   3.1000000e+00   3.4050000e+01
   3.0000000e+00   3.4000000e+00   3.4020000e+01
   3.5000000e+00   3.7000000e+00   3.3990000e+01
   4.0000000e+00   4.0000000e+00   3.3960000e+01
   4.5000000e+00   4.3000000e+00   3.3930000e+01
   5.0000000e+00   4.6000000e+00   3.3900000e+01
   5.5000000e+00   5.2966667e+00   3.3520000e+01
   6.0000000e+00   5.9933333e+00   3.3140000e+01
   6.5000000e+00   6.6900000e+00   3.2760000e+01
   7.0000000e+00   7.3866667e+00   3.2380000e+01
   7.5000000e+00   8.0833333e+00   3.2000000e+01
   8.0000000e+00   8.7800000e+00   3.1620000e+01
   8.5000000e+00   9.4766667e+00   3.1240000e+01
   9.0000000e+00   1.0173333e+01   3.0860000e+01
   9.5000000e+00   1.0870000e+01   3.0480000e+01
   1.0000000e+01   1.1566667e+01   3.0100000e+01
   1.0500000e+01   1.2263333e+01   3.0577500e+01
   1.1000000e+01   1.2960000e+01   3.1055000e+01
   1.1500000e+01   1.3656667e+01   3.1532500e+01
   1.2000000e+01   1.4353333e+01   3.2010000e+01
   1.2500000e+01   1.5050000e+01   3.2487500e+01
   1.3000000e+01   1.5746667e+01   3.2965000e+01
   1.3500000e+01   1.6443333e+01   3.3442500e+01
   1.4000000e+01   1.7140000e+01   3.3920000e+01
   1.4500000e+01   1.7836667e+01   3.4397500e+01
   1.5000000e+01   1.8533333e+01   3.4875000e+01
   1.5500000e+01   1.9230000e+01   3.5352500e+01
   1.6000000e+01   1.9926667e+01   3.5830000e+01
   1.6500000e+01   2.0623333e+01   3.6307500e+01
   1.7000000e+01   2.1320000e+01   3.6785000e+01
   1.7500000e+01   2.2016667e+01   3.7262500e+01
   1.8000000e+01   2.2713333e+01   3.7740000e+01
   1.8500000e+01   2.3410000e+01   3.8217500e+01
   1.9000000e+01   2.4106667e+01   3.8695000e+01
   1.9500000e+01   2.4803333e+01   3.9172500e+01
   2.0000000e+01   2.5500000e+01   3.9650000e+01
   2.0500000e+01   2.5500000e+01   4.0127500e+01
   2.1000000e+01   2.5500000e+01   4.0605000e+01
   2.1500000e+01   2.5500000e+01   4.1082500e+01
   2.2000000e+01   2.5500000e+01   4.1560000e+01
   2.2500000e+01   2.5500000e+01   4.2037500e+01
   2.3000000e+01   2.5500000e+01   4.2515000e+01
   2.3500000e+01   2.5500000e+01   4.2992500e+01
   2.4000000e+01   2.5500000e+01   4.3470000e+01
   2.4500000e+01   2.5500000e+01   4.3947500e+01
   2.5000000e+01   2.5500000e+01   4.4425000e+01
   2.5500000e+01   2.5500000e+01   4.4902500e+01
   2.6000000e+01   2.5500000e+01   4.5380000e+01
   2.6500000e+01   2.5500000e+01   4.5857500e+01
   2.7000000e+01   2.5500000e+01   4.6335000e+01
   2.7500000e+01   2.5500000e+01   4.6812500e+01
   2.8000000e+01   2.5500000e+01   4.7290000e+01
   2.8500000e+01   2.5500000e+01   4.7767500e+01
   2.9000000e+01   2.5500000e+01   4.8245000e+01
   2.9500000e+01   2.5500000e+01   4.8722500e+01
   3.0000000e+01   2.5500000e+01   4.9200000e+01
   3.0500000e+01   2.5500000e+01   4.9200000e+01
   3.1000000e+01   2.5500000e+01   4.9200000e+01
   3.1500000e+01   2.5500000e+01   4.9200000e+01
   3.2000000e+01   2.5500000e+01   4.9200000e+01
   3.2500000e+01   2.5500000e+01   4.9200000e+01
   3.3000000e+01   2.5500000e+01   4.9200000e+01
   3.3500000e+01   2.5500000e+01   4.9200000e+01
   3.4000000e+01   2.5500000e+01   4.9200000e+01
   3.4500000e+01   2.5500000e+01   4.9200000e+01
   3.5000000e+01   2.5500000e+01   4.9200000e+01
   3.5500000e+01   2.5500000e+01   4.9200000e+01
   3.6000000e+01   2.5500000e+01   4.9200000e+01
   3.6500000e+01   2.5500000e+01   4.9200000e+01
   3.7000000e+01   2.5500000e+01   4.9200000e+01
   3.7500000e+01   2.5500000e+01   4.9200000e+01
   3.8000000e+01   2.5500000e+01   4.9200000e+01
   3.8500000e+01   2.5500000e+01   4.9200000e+01
   3.9000000e+01   2.5500000e+01   4.9200000e+01
   3.9500000e+01   2.5500000e+01   4.9200000e+01
   4.0000000e+01   2.5500000e+01   4.9200000e+01
