   0.0000000e+00   1.5400000e+01   3.5800000e+01
   5.0000000e-01   1.6450000e+01   3.7550000e+01
   1.0000000e+00   1.7500000e+01   3.9300000e+01
   1.5000000e+00   1.8550000e+01   4.1050000e+01
   2.0000000e+00   1.9600000e+01   4.2800000e+01
   2.5000000e+00   2.0650000e+01   4.4550000e+01
   3.0000000e+00   2.1700000e+01   4.6300000e+01
   3.5000000e+00   2.2750000e+01   4.8050000e+01
   4.0000000e+00   2.3800000e+01   4.9800000e+01
   4.5000000e+00   2.4850000e+01   5.1550000e+01
   5.0000000e+00   2.5900000e+01   5.3300000e+01
   5.5000000e+00   2.5970000e+01   5.3340000e+01
   6.0000000e+00   2.6040000e+01   5.3380000e+01
   6.5000000e+00   2.6110000e+01   5.3420000e+01
   7.0000000e+00   2.6180000e+01   5.3460000e+01
   7.5000000e+00   2.6250000e+01   5.3500000e+01
   8.0000000e+00   2.6320000e+01   5.3540000e+01
   8.5000000e+00   2.6390000e+01   5.3580000e+01
   9.0000000e+00   2.6460000e+01   5.3620000e+01
   9.5000000e+00   2.6530000e+01   5.3660000e+01
   1.0000000e+01   2.6600000e+01   5.3700000e+01
   1.0500000e+01   2.6650000e+01   5.3725000e+01
   1.1000000e+01   2.6700000e+01   5.3750000e+01
   1.1500000e+01   2.6750000e+01   5.3775000e+01
   1.2000000e+01   2.6800000e+01   5.3800000e+01
   1.2500000e+01   2.6850000e+01   5.3825000e+01
   1.3000000e+01   2.6900000e+01   5.3850000e+01
   1.3500000e+01   2.6950000e+01   5.3875000e+01
   1.4000000e+01   2.7000000e+01   5.3900000e+01
   1.4500000e+01   2.7050000e+01   5.3925000e+01
   1.5000000e+01   2.7100000e+01   5.3950000e+01
   1.5500000e+01   2.7150000e+01   5.3975000e+01
   1.6000000e+01   2.7200000e+01   5.4000000e+01
   1.6500000e+01   2.7250000e+01   5.4025000e+01
   1.7000000e+01   2.7300000e+01   5.4050000e+01
   1.7500000e+01   2.7350000e+01   5.4075000e+01
   1.8000000e+01   2.7400000e+01   5.4100000e+01
   1.8500000e+01   2.7450000e+01   5.4125000e+01
   1.9000000e+01   2.7500000e+01   5.4150000e+01
   1.9500000e+01   2.7550000e+01   5.4175000e+01
   2.0000000e+01   2.7600000e+01   5.4200000e+01
   2.0500000e+01   2.7650000e+01   5.4225000e+01
   2.1000000e+01   2.7700000e+01   5.4250000e+01
   2.1500000e+01   2.7750000e+01   5.4275000e+01
   2.2000000e+01   2.7800000e+01   5.4300000e+01
   2.2500000e+01   2.7850000e+01   5.4325000e+01
   2.3000000e+01   2.7900000e+01   5.4350000e+01
   2.3500000e+01   2.7950000e+01   5.4375000e+01
   2.4000000e+01   2.8000000e+01   5.4400000e+01
   2.4500000e+01   2.8050000e+01   5.4425000e+01
   2.5000000e+01   2.8100000e+01   5.4450000e+01
   2.5500000e+01   2.8150000e+01   5.4475000e+01
   2.6000000e+01   2.8200000e+01   5.4500000e+01
   2.6500000e+01   2.8250000e+01   5.4525000e+01
   2.7000000e+01   2.8300000e+01   5.4550000e+01
   2.7500000e+01   2.8350000e+01   5.4575000e+01
   2.8000000e+01   2.8400000e+01   5.4600000e+01
   2.8500000e+01   2.8450000e+01   5.4625000e+01
   2.9000000e+01   2.8500000e+01   5.4650000e+01
   2.9500000e+01   2.8550000e+01   5.4675000e+01
   3.0000000e+01   2.8600000e+01   5.4700000e+01
   3.0500000e+01   2.8600000e+01   5.4700000e+01
   3.1000000e+01   2.8600000e+01   5.4700000e+01
   3.1500000e+01   2.8600000e+01   5.4700000e+01
   3.2000000e+01   2.8600000e+01   5.4700000e+01
   3.2500000e+01   2.8600000e+01   5.4700000e+01
   3.3000000e+01   2.8600000e+01   5.4700000e+01
   3.3500000e+01   2.8600000e+01   5.4700000e+01
   3.4000000e+01   2.8600000e+01   5.4700000e+01
   3.4500000e+01   2.8600000e+01   5.4700000e+01
   3.5000000e+01   2.8600000e+01   5.4700000e+01
   3.5500000e+01   2.8600000e+01   5.4700000e+01
   3.6000000e+01   2.8600000e+01   5.4700000e+01
   3.6500000e+01   2.8600000e+01   5.4700000e+01
   3.7000000e+01   2.8600000e+01   5.4700000e+01
   3.7500000e+01   2.8600000e+01   5.4700000e+01
   3.8000000e+01   2.8600000e+01   5.4700000e+01
   3.8500000e+01   2.8600000e+01   5.4700000e+01
   3.9000000e+01   2.8600000e+01   5.4700000e+01
   3.9500000e+01   2.8600000e+01   5.4700000e+01
   4.0000000e+01   2.8600000e+01   5.4700000e+01
