   0.0000000e+00   1.6000000e+00   1.0463000e+01
   5.0000000e-01   1.9000000e+00   9.7235000e+00
   1.0000000e+00   2.2000000e+00   8.9840000e+00
   1.5000000e+00   2.5000000e+00   8.2445000e+00
   2.0000000e+00   2.8000000e+00   7.5050000e+00
   2.5000000e+00   3.1000000e+00   6.7655000e+00
   3.0000000e+00   3.4000000e+00   6.0260000e+00
   3.5000000e+00   3.7000000e+00   5.2865000e+00
   4.0000000e+00   4.0000000e+00   4.5470000e+00
   4.5000000e+00   4.3000000e+00   3.8075000e+00
   5.0000000e+00   4.6000000e+00   3.0680000e+00
   5.5000000e+00   5.2966667e+00   5.3932000e+00
   6.0000000e+00   5.9933333e+00   7.7184000e+00
   6.5000000e+00   6.6900000e+00   1.0043600e+01
   7.0000000e+00   7.3866667e+00   1.2368800e+01
   7.5000000e+00   8.0833333e+00   1.4694000e+01
   8.0000000e+00   8.7800000e+00   1.7019200e+01
   8.5000000e+00   9.4766667e+00   1.9344400e+01
   9.0000000e+00   1.0173333e+01   2.1669600e+01
   9.5000000e+00   1.0870000e+01   2.3994800e+01
   1.0000000e+01   1.1566667e+01   2.6320000e+01
   1.0500000e+01   1.2263333e+01   2.7052125e+01
   1.1000000e+01   1.2960000e+01   2.7784250e+01
   1.1500000e+01   1.3656667e+01   2.8516375e+01
   1.2000000e+01   1.4353333e+01   2.9248500e+01
   1.2500000e+01   1.5050000e+01   2.9980625e+01
   1.3000000e+01   1.5746667e+01   3.0712750e+01
   1.3500000e+01   1.6443333e+01   3.1444875e+01
   1.4000000e+01   1.7140000e+01   3.2177000e+01
   1.4500000e+01   1.7836667e+01   3.2909125e+01
   1.5000000e+01   1.8533333e+01   3.3641250e+01
   1.5500000e+01   1.9230000e+01   3.4373375e+01
   1.6000000e+01   1.9926667e+01   3.5105500e+01
   1.6500000e+01   2.0623333e+01   3.5837625e+01
   1.7000000e+01   2.1320000e+01   3.6569750e+01
   1.7500000e+01   2.2016667e+01   3.7301875e+01
   1.8000000e+01   2.2713333e+01   3.8034000e+01
   1.8500000e+01   2.3410000e+01   3.8766125e+01
   1.9000000e+01   2.4106667e+01   3.9498250e+01
   1.9500000e+01   2.4803333e+01   4.0230375e+01
   2.0000000e+01   2.5500000e+01   4.0962500e+01
   2.0500000e+01   2.5500000e+01   4.1694625e+01
   2.1000000e+01   2.5500000e+01   4.2426750e+01
   2.1500000e+01   2.5500000e+01   4.3158875e+01
   2.2000000e+01   2.5500000e+01   4.3891000e+01
   2.2500000e+01   2.5500000e+01   4.4623125e+01
   2.3000000e+01   2.5500000e+01   4.5355250e+01
   2.3500000e+01   2.5500000e+01   4.6087375e+01
   2.4000000e+01   2.5500000e+01   4.6819500e+01
   2.4500000e+01   2.5500000e+01   4.7551625e+01
   2.5000000e+01   2.5500000e+01   4.8283750e+01
   2.5500000e+01   2.5500000e+01   4.9015875e+01
   2.6000000e+01   2.5500000e+01   4.9748000e+01
   2.6500000e+01   2.5500000e+01   5.0480125e+01
   2.7000000e+01   2.5500000e+01   5.1212250e+01
   2.7500000e+01   2.5500000e+01   5.1944375e+01
   2.8000000e+01   2.5500000e+01   5.2676500e+01
   2.8500000e+01   2.5500000e+01   5.3408625e+01
   2.9000000e+01   2.5500000e+01   5.4140750e+01
   2.9500000e+01   2.5500000e+01   5.4872875e+01
   3.0000000e+01   2.5500000e+01   5.5605000e+01
   3.0500000e+01   2.5500000e+01   5.5605000e+01
   3.1000000e+01   2.5500000e+01   5.5605000e+01
   3.1500000e+01   2.5500000e+01   5.5605000e+01
   3.2000000e+01   2.5500000e+01   5.5605000e+01
   3.2500000e+01   2.5500000e+01   5.5605000e+01
   3.3000000e+01   2.5500000e+01   5.5605000e+01
   3.3500000e+01   2.5500000e+01   5.5605000e+01
   3.4000000e+01   2.5500000e+01   5.5605000e+01
   3.4500000e+01   2.5500000e+01   5.5605000e+01
   3.5000000e+01   2.5500000e+01   5.5605000e+01
   3.5500000e+01   2.5500000e+01   5.5605000e+01
   3.6000000e+01   2.5500000e+01   5.5605000e+01
   3.6500000e+01   2.5500000e+01   5.5605000e+01
   3.7000000e+01   2.5500000e+01   5.5605000e+01
   3.7500000e+01   2.5500000e+01   5.5605000e+01
   3.8000000e+01   2.5500000e+01   5.5605000e+01
   3.8500000e+01   2.5500000e+01   5.5605000e+01
   3.9000000e+01   2.5500000e+01   5.5605000e+01
   3.9500000e+01   2.5500000e+01   5.5605000e+01
   4.0000000e+01   2.5500000e+01   5.5605000e+01
