   0.0000000e+00   8.0000000e-02   5.5000000e+00
   5.0000000e-01   1.4530000e+00   6.7440000e+00
   1.0000000e+00   2.8260000e+00   7.9880000e+00
   1.5000000e+00   4.1990000e+00   9.2320000e+00
   2.0000000e+00   5.5720000e+00   1.0476000e+01
   2.5000000e+00   6.9450000e+00   1.1720000e+01
   3.0000000e+00   8.3180000e+00   1.2964000e+01
   3.5000000e+00   9.6910000e+00   1.4208000e+01
   4.0000000e+00   1.1064000e+01   1.5452000e+01
   4.5000000e+00   1.2437000e+01   1.6696000e+01
   5.0000000e+00   1.3810000e+01   1.7940000e+01
   5.5000000e+00   1.5228000e+01   2.0807000e+01
   6.0000000e+00   1.6646000e+01   2.3674000e+01
   6.5000000e+00   1.8064000e+01   2.6541000e+01
   7.0000000e+00   1.9482000e+01   2.9408000e+01
   7.5000000e+00   2.0900000e+01   3.2275000e+01
   8.0000000e+00   2.2318000e+01   3.5142000e+01
   8.5000000e+00   2.3736000e+01   3.8009000e+01
   9.0000000e+00   2.5154000e+01   4.0876000e+01
   9.5000000e+00   2.6572000e+01   4.3743000e+01
   1.0000000e+01   2.7990000e+01   4.6610000e+01
   1.0500000e+01   2.8050500e+01   4.6801500e+01
   1.1000000e+01   2.8111000e+01   4.6993000e+01
   1.1500000e+01   2.8171500e+01   4.7184500e+01
   1.2000000e+01   2.8232000e+01   4.7376000e+01
   1.2500000e+01   2.8292500e+01   4.7567500e+01
   1.3000000e+01   2.8353000e+01   4.7759000e+01
   1.3500000e+01   2.8413500e+01   4.7950500e+01
   1.4000000e+01   2.8474000e+01   4.8142000e+01
   1.4500000e+01   2.8534500e+01   4.8333500e+01
   1.5000000e+01   2.8595000e+01   4.8525000e+01
   1.5500000e+01   2.8655500e+01   4.8716500e+01
   1.6000000e+01   2.8716000e+01   4.8908000e+01
   1.6500000e+01   2.8776500e+01   4.9099500e+01
   1.7000000e+01   2.8837000e+01   4.9291000e+01
   1.7500000e+01   2.8897500e+01   4.9482500e+01
   1.8000000e+01   2.8958000e+01   4.9674000e+01
   1.8500000e+01   2.9018500e+01   4.9865500e+01
   1.9000000e+01   2.9079000e+01   5.0057000e+01
   1.9500000e+01   2.9139500e+01   5.0248500e+01
   2.0000000e+01   2.9200000e+01   5.0440000e+01
   2.0500000e+01   2.9260500e+01   5.0631500e+01
   2.1000000e+01   2.9321000e+01   5.0823000e+01
   2.1500000e+01   2.9381500e+01   5.1014500e+01
   2.2000000e+01   2.9442000e+01   5.1206000e+01
   2.2500000e+01   2.9502500e+01   5.1397500e+01
   2.3000000e+01   2.9563000e+01   5.1589000e+01
   2.3500000e+01   2.9623500e+01   5.1780500e+01
   2.4000000e+01   2.9684000e+01   5.1972000e+01
   2.4500000e+01   2.9744500e+01   5.2163500e+01
   2.5000000e+01   2.9805000e+01   5.2355000e+01
   2.5500000e+01   2.9865500e+01   5.2546500e+01
   2.6000000e+01   2.9926000e+01   5.2738000e+01
   2.6500000e+01   2.9986500e+01   5.2929500e+01
   2.7000000e+01   3.0047000e+01   5.3121000e+01
   2.7500000e+01   3.0107500e+01   5.3312500e+01
   2.8000000e+01   3.0168000e+01   5.3504000e+01
   2.8500000e+01   3.0228500e+01   5.3695500e+01
   2.9000000e+01   3.0289000e+01   5.3887000e+01
   2.9500000e+01   3.0349500e+01   5.4078500e+01
   3.0000000e+01   3.0410000e+01   5.4270000e+01
   3.0500000e+01   3.0410000e+01   5.4270000e+01
   3.1000000e+01   3.0410000e+01   5.4270000e+01
   3.1500000e+01   3.0410000e+01   5.4270000e+01
   3.2000000e+01   3.0410000e+01   5.4270000e+01
   3.2500000e+01   3.0410000e+01   5.4270000e+01
   3.3000000e+01   3.0410000e+01   5.4270000e+01
   3.3500000e+01   3.0410000e+01   5.4270000e+01
   3.4000000e+01   3.0410000e+01   5.4270000e+01
   3.4500000e+01   3.0410000e+01   5.4270000e+01
   3.5000000e+01   3.0410000e+01   5.4270000e+01
   3.5500000e+01   3.0410000e+01   5.4270000e+01
   3.6000000e+01   3.0410000e+01   5.4270000e+01
   3.6500000e+01   3.0410000e+01   5.4270000e+01
   3.7000000e+01   3.0410000e+01   5.4270000e+01
   3.7500000e+01   3.0410000e+01   5.4270000e+01
   3.8000000e+01   3.0410000e+01   5.4270000e+01
   3.8500000e+01   3.0410000e+01   5.4270000e+01
   3.9000000e+01   3.0410000e+01   5.4270000e+01
   3.9500000e+01   3.0410000e+01   5.4270000e+01
   4.0000000e+01   3.0410000e+01   5.4270000e+01
