   0.0000000e+00   5.6800000e-01   2.5145000e+01
   5.0000000e-01   5.1120000e-01   2.4971400e+01
   1.0000000e+00   4.5440000e-01   2.4797800e+01
   1.5000000e+00   3.9760000e-01   2.4624200e+01
   2.0000000e+00   3.4080000e-01   2.4450600e+01
   2.5000000e+00   2.8400000e-01   2.4277000e+01
   3.0000000e+00   2.2720000e-01   2.4103400e+01
   3.5000000e+00   1.7040000e-01   2.3929800e+01
   4.0000000e+00   1.1360000e-01   2.3756200e+01
   4.5000000e+00   5.6800000e-02   2.3582600e+01
   5.0000000e+00   0.0000000e+00   2.3409000e+01
   5.5000000e+00   1.3480000e-01   2.3159500e+01
   6.0000000e+00   2.6960000e-01   2.2910000e+01
   6.5000000e+00   4.0440000e-01   2.2660500e+01
   7.0000000e+00   5.3920000e-01   2.2411000e+01
   7.5000000e+00   6.7400000e-01   2.2161500e+01
   8.0000000e+00   8.0880000e-01   2.1912000e+01
   8.5000000e+00   9.4360000e-01   2.1662500e+01
   9.0000000e+00   1.0784000e+00   2.1413000e+01
   9.5000000e+00   1.2132000e+00   2.1163500e+01
   1.0000000e+01   1.3480000e+00   2.0914000e+01
   1.0500000e+01   1.9078500e+00   2.1496650e+01
   1.1000000e+01   2.4677000e+00   2.2079300e+01
   1.1500000e+01   3.0275500e+00   2.2661950e+01
   1.2000000e+01   3.5874000e+00   2.3244600e+01
   1.2500000e+01   4.1472500e+00   2.3827250e+01
   1.3000000e+01   4.7071000e+00   2.4409900e+01
   1.3500000e+01   5.2669500e+00   2.4992550e+01
   1.4000000e+01   5.8268000e+00   2.5575200e+01
   1.4500000e+01   6.3866500e+00   2.6157850e+01
   1.5000000e+01   6.9465000e+00   2.6740500e+01
   1.5500000e+01   7.5063500e+00   2.7323150e+01
   1.6000000e+01   8.0662000e+00   2.7905800e+01
   1.6500000e+01   8.6260500e+00   2.8488450e+01
   1.7000000e+01   9.1859000e+00   2.9071100e+01
   1.7500000e+01   9.7457500e+00   2.9653750e+01
   1.8000000e+01   1.0305600e+01   3.0236400e+01
   1.8500000e+01   1.0865450e+01   3.0819050e+01
   1.9000000e+01   1.1425300e+01   3.1401700e+01
   1.9500000e+01   1.1985150e+01   3.1984350e+01
   2.0000000e+01   1.2545000e+01   3.2567000e+01
   2.0500000e+01   1.3104850e+01   3.3149650e+01
   2.1000000e+01   1.3664700e+01   3.3732300e+01
   2.1500000e+01   1.4224550e+01   3.4314950e+01
   2.2000000e+01   1.4784400e+01   3.4897600e+01
   2.2500000e+01   1.5344250e+01   3.5480250e+01
   2.3000000e+01   1.5904100e+01   3.6062900e+01
   2.3500000e+01   1.6463950e+01   3.6645550e+01
   2.4000000e+01   1.7023800e+01   3.7228200e+01
   2.4500000e+01   1.7583650e+01   3.7810850e+01
   2.5000000e+01   1.8143500e+01   3.8393500e+01
   2.5500000e+01   1.8703350e+01   3.8976150e+01
   2.6000000e+01   1.9263200e+01   3.9558800e+01
   2.6500000e+01   1.9823050e+01   4.0141450e+01
   2.7000000e+01   2.0382900e+01   4.0724100e+01
   2.7500000e+01   2.0942750e+01   4.1306750e+01
   2.8000000e+01   2.1502600e+01   4.1889400e+01
   2.8500000e+01   2.2062450e+01   4.2472050e+01
   2.9000000e+01   2.2622300e+01   4.3054700e+01
   2.9500000e+01   2.3182150e+01   4.3637350e+01
   3.0000000e+01   2.3742000e+01   4.4220000e+01
   3.0500000e+01   2.3742000e+01   4.4220000e+01
   3.1000000e+01   2.3742000e+01   4.4220000e+01
   3.1500000e+01   2.3742000e+01   4.4220000e+01
   3.2000000e+01   2.3742000e+01   4.4220000e+01
   3.2500000e+01   2.3742000e+01   4.4220000e+01
   3.3000000e+01   2.3742000e+01   4.4220000e+01
   3.3500000e+01   2.3742000e+01   4.4220000e+01
   3.4000000e+01   2.3742000e+01   4.4220000e+01
   3.4500000e+01   2.3742000e+01   4.4220000e+01
   3.5000000e+01   2.3742000e+01   4.4220000e+01
   3.5500000e+01   2.3742000e+01   4.4220000e+01
   3.6000000e+01   2.3742000e+01   4.4220000e+01
   3.6500000e+01   2.3742000e+01   4.4220000e+01
   3.7000000e+01   2.3742000e+01   4.4220000e+01
   3.7500000e+01   2.3742000e+01   4.4220000e+01
   3.8000000e+01   2.3742000e+01   4.4220000e+01
   3.8500000e+01   2.3742000e+01   4.4220000e+01
   3.9000000e+01   2.3742000e+01   4.4220000e+01
   3.9500000e+01   2.3742000e+01   4.4220000e+01
   4.0000000e+01   2.3742000e+01   4.4220000e+01
