   0.0000000e+00   1.6000000e+00   2.4130000e+00
   5.0000000e-01   1.9000000e+00   2.9907000e+00
   1.0000000e+00   2.2000000e+00   3.5684000e+00
   1.5000000e+00   2.5000000e+00   4.1461000e+00
   2.0000000e+00   2.8000000e+00   4.7238000e+00
   2.5000000e+00   3.1000000e+00   5.3015000e+00
   3.0000000e+00   3.4000000e+00   5.8792000e+00
   3.5000000e+00   3.7000000e+00   6.4569000e+00
   4.0000000e+00   4.0000000e+00   7.0346000e+00
   4.5000000e+00   4.3000000e+00   7.6123000e+00
   5.0000000e+00   4.6000000e+00   8.1900000e+00
   5.5000000e+00   5.2966667e+00   9.3169000e+00
   6.0000000e+00   5.9933333e+00   1.0443800e+01
   6.5000000e+00   6.6900000e+00   1.1570700e+01
   7.0000000e+00   7.3866667e+00   1.2697600e+01
   7.5000000e+00   8.0833333e+00   1.3824500e+01
   8.0000000e+00   8.7800000e+00   1.4951400e+01
   8.5000000e+00   9.4766667e+00   1.6078300e+01
   9.0000000e+00   1.0173333e+01   1.7205200e+01
   9.5000000e+00   1.0870000e+01   1.8332100e+01
   1.0000000e+01   1.1566667e+01   1.9459000e+01
   1.0500000e+01   1.2263333e+01   2.0463675e+01
   1.1000000e+01   1.2960000e+01   2.1468350e+01
   1.1500000e+01   1.3656667e+01   2.2473025e+01
   1.2000000e+01   1.4353333e+01   2.3477700e+01
   1.2500000e+01   1.5050000e+01   2.4482375e+01
   1.3000000e+01   1.5746667e+01   2.5487050e+01
   1.3500000e+01   1.6443333e+01   2.6491725e+01
   1.4000000e+01   1.7140000e+01   2.7496400e+01
   1.4500000e+01   1.7836667e+01   2.8501075e+01
   1.5000000e+01   1.8533333e+01   2.9505750e+01
   1.5500000e+01   1.9230000e+01   3.0510425e+01
   1.6000000e+01   1.9926667e+01   3.1515100e+01
   1.6500000e+01   2.0623333e+01   3.2519775e+01
   1.7000000e+01   2.1320000e+01   3.3524450e+01
   1.7500000e+01   2.2016667e+01   3.4529125e+01
   1.8000000e+01   2.2713333e+01   3.5533800e+01
   1.8500000e+01   2.3410000e+01   3.6538475e+01
   1.9000000e+01   2.4106667e+01   3.7543150e+01
   1.9500000e+01   2.4803333e+01   3.8547825e+01
   2.0000000e+01   2.5500000e+01   3.9552500e+01
   2.0500000e+01   2.5500000e+01   4.0557175e+01
   2.1000000e+01   2.5500000e+01   4.1561850e+01
   2.1500000e+01   2.5500000e+01   4.2566525e+01
   2.2000000e+01   2.5500000e+01   4.3571200e+01
   2.2500000e+01   2.5500000e+01   4.4575875e+01
   2.3000000e+01   2.5500000e+01   4.5580550e+01
   2.3500000e+01   2.5500000e+01   4.6585225e+01
   2.4000000e+01   2.5500000e+01   4.7589900e+01
   2.4500000e+01   2.5500000e+01   4.8594575e+01
   2.5000000e+01   2.5500000e+01   4.9599250e+01
   2.5500000e+01   2.5500000e+01   5.0603925e+01
   2.6000000e+01   2.5500000e+01   5.1608600e+01
   2.6500000e+01   2.5500000e+01   5.2613275e+01
   2.7000000e+01   2.5500000e+01   5.3617950e+01
   2.7500000e+01   2.5500000e+01   5.4622625e+01
   2.8000000e+01   2.5500000e+01   5.5627300e+01
   2.8500000e+01   2.5500000e+01   5.6631975e+01
   2.9000000e+01   2.5500000e+01   5.7636650e+01
   2.9500000e+01   2.5500000e+01   5.8641325e+01
   3.0000000e+01   2.5500000e+01   5.9646000e+01
   3.0500000e+01   2.5500000e+01   5.9646000e+01
   3.1000000e+01   2.5500000e+01   5.9646000e+01
   3.1500000e+01   2.5500000e+01   5.9646000e+01
   3.2000000e+01   2.5500000e+01   5.9646000e+01
   3.2500000e+01   2.5500000e+01   5.9646000e+01
   3.3000000e+01   2.5500000e+01   5.9646000e+01
   3.3500000e+01   2.5500000e+01   5.9646000e+01
   3.4000000e+01   2.5500000e+01   5.9646000e+01
   3.4500000e+01   2.5500000e+01   5.9646000e+01
   3.5000000e+01   2.5500000e+01   5.9646000e+01
   3.5500000e+01   2.5500000e+01   5.9646000e+01
   3.6000000e+01   2.5500000e+01   5.9646000e+01
   3.6500000e+01   2.5500000e+01   5.9646000e+01
   3.7000000e+01   2.5500000e+01   5.9646000e+01
   3.7500000e+01   2.5500000e+01   5.9646000e+01
   3.8000000e+01   2.5500000e+01   5.9646000e+01
   3.8500000e+01   2.5500000e+01   5.9646000e+01
   3.9000000e+01   2.5500000e+01   5.9646000e+01
   3.9500000e+01   2.5500000e+01   5.9646000e+01
   4.0000000e+01   2.5500000e+01   5.9646000e+01
