   0.0000000e+00   1.0420000e+00   4.3522000e+01
   5.0000000e-01   1.6873000e+00   4.1937800e+01
   1.0000000e+00   2.3326000e+00   4.0353600e+01
   1.5000000e+00   2.9779000e+00   3.8769400e+01
   2.0000000e+00   3.6232000e+00   3.7185200e+01
   2.5000000e+00   4.2685000e+00   3.5601000e+01
   3.0000000e+00   4.9138000e+00   3.4016800e+01
   3.5000000e+00   5.5591000e+00   3.2432600e+01
   4.0000000e+00   6.2044000e+00   3.0848400e+01
   4.5000000e+00   6.8497000e+00   2.9264200e+01
   5.0000000e+00   7.4950000e+00   2.7680000e+01
   5.5000000e+00   8.0334000e+00   2.7781500e+01
   6.0000000e+00   8.5718000e+00   2.7883000e+01
   6.5000000e+00   9.1102000e+00   2.7984500e+01
   7.0000000e+00   9.6486000e+00   2.8086000e+01
   7.5000000e+00   1.0187000e+01   2.8187500e+01
   8.0000000e+00   1.0725400e+01   2.8289000e+01
   8.5000000e+00   1.1263800e+01   2.8390500e+01
   9.0000000e+00   1.1802200e+01   2.8492000e+01
   9.5000000e+00   1.2340600e+01   2.8593500e+01
   1.0000000e+01   1.2879000e+01   2.8695000e+01
   1.0500000e+01   1.3135275e+01   2.8964075e+01
   1.1000000e+01   1.3391550e+01   2.9233150e+01
   1.1500000e+01   1.3647825e+01   2.9502225e+01
   1.2000000e+01   1.3904100e+01   2.9771300e+01
   1.2500000e+01   1.4160375e+01   3.0040375e+01
   1.3000000e+01   1.4416650e+01   3.0309450e+01
   1.3500000e+01   1.4672925e+01   3.0578525e+01
   1.4000000e+01   1.4929200e+01   3.0847600e+01
   1.4500000e+01   1.5185475e+01   3.1116675e+01
   1.5000000e+01   1.5441750e+01   3.1385750e+01
   1.5500000e+01   1.5698025e+01   3.1654825e+01
   1.6000000e+01   1.5954300e+01   3.1923900e+01
   1.6500000e+01   1.6210575e+01   3.2192975e+01
   1.7000000e+01   1.6466850e+01   3.2462050e+01
   1.7500000e+01   1.6723125e+01   3.2731125e+01
   1.8000000e+01   1.6979400e+01   3.3000200e+01
   1.8500000e+01   1.7235675e+01   3.3269275e+01
   1.9000000e+01   1.7491950e+01   3.3538350e+01
   1.9500000e+01   1.7748225e+01   3.3807425e+01
   2.0000000e+01   1.8004500e+01   3.4076500e+01
   2.0500000e+01   1.8260775e+01   3.4345575e+01
   2.1000000e+01   1.8517050e+01   3.4614650e+01
   2.1500000e+01   1.8773325e+01   3.4883725e+01
   2.2000000e+01   1.9029600e+01   3.5152800e+01
   2.2500000e+01   1.9285875e+01   3.5421875e+01
   2.3000000e+01   1.9542150e+01   3.5690950e+01
   2.3500000e+01   1.9798425e+01   3.5960025e+01
   2.4000000e+01   2.0054700e+01   3.6229100e+01
   2.4500000e+01   2.0310975e+01   3.6498175e+01
   2.5000000e+01   2.0567250e+01   3.6767250e+01
   2.5500000e+01   2.0823525e+01   3.7036325e+01
   2.6000000e+01   2.1079800e+01   3.7305400e+01
   2.6500000e+01   2.1336075e+01   3.7574475e+01
   2.7000000e+01   2.1592350e+01   3.7843550e+01
   2.7500000e+01   2.1848625e+01   3.8112625e+01
   2.8000000e+01   2.2104900e+01   3.8381700e+01
   2.8500000e+01   2.2361175e+01   3.8650775e+01
   2.9000000e+01   2.2617450e+01   3.8919850e+01
   2.9500000e+01   2.2873725e+01   3.9188925e+01
   3.0000000e+01   2.3130000e+01   3.9458000e+01
   3.0500000e+01   2.3130000e+01   3.9458000e+01
   3.1000000e+01   2.3130000e+01   3.9458000e+01
   3.1500000e+01   2.3130000e+01   3.9458000e+01
   3.2000000e+01   2.3130000e+01   3.9458000e+01
   3.2500000e+01   2.3130000e+01   3.9458000e+01
   3.3000000e+01   2.3130000e+01   3.9458000e+01
   3.3500000e+01   2.3130000e+01   3.9458000e+01
   3.4000000e+01   2.3130000e+01   3.9458000e+01
   3.4500000e+01   2.3130000e+01   3.9458000e+01
   3.5000000e+01   2.3130000e+01   3.9458000e+01
   3.5500000e+01   2.3130000e+01   3.9458000e+01
   3.6000000e+01   2.3130000e+01   3.9458000e+01
   3.6500000e+01   2.3130000e+01   3.9458000e+01
   3.7000000e+01   2.3130000e+01   3.9458000e+01
   3.7500000e+01   2.3130000e+01   3.9458000e+01
   3.8000000e+01   2.3130000e+01   3.9458000e+01
   3.8500000e+01   2.3130000e+01   3.9458000e+01
   3.9000000e+01   2.3130000e+01   3.9458000e+01
   3.9500000e+01   2.3130000e+01   3.9458000e+01
   4.0000000e+01   2.3130000e+01   3.9458000e+01
