   0.0000000e+00   1.3900000e-01   1.2824000e+01
   5.0000000e-01   1.2980000e-01   1.2950800e+01
   1.0000000e+00   1.2060000e-01   1.3077600e+01
   1.5000000e+00   1.1140000e-01   1.3204400e+01
   2.0000000e+00   1.0220000e-01   1.3331200e+01
   2.5000000e+00   9.3000000e-02   1.3458000e+01
   3.0000000e+00   8.3800000e-02   1.3584800e+01
   3.5000000e+00   7.4600000e-02   1.3711600e+01
   4.0000000e+00   6.5400000e-02   1.3838400e+01
   4.5000000e+00   5.6200000e-02   1.3965200e+01
   5.0000000e+00   4.7000000e-02   1.4092000e+01
   5.5000000e+00   1.3189000e+00   1.5315300e+01
   6.0000000e+00   2.5908000e+00   1.6538600e+01
   6.5000000e+00   3.8627000e+00   1.7761900e+01
   7.0000000e+00   5.1346000e+00   1.8985200e+01
   7.5000000e+00   6.4065000e+00   2.0208500e+01
   8.0000000e+00   7.6784000e+00   2.1431800e+01
   8.5000000e+00   8.9503000e+00   2.2655100e+01
   9.0000000e+00   1.0222200e+01   2.3878400e+01
   9.5000000e+00   1.1494100e+01   2.5101700e+01
   1.0000000e+01   1.2766000e+01   2.6325000e+01
   1.0500000e+01   1.3130625e+01   2.6833375e+01
   1.1000000e+01   1.3495250e+01   2.7341750e+01
   1.1500000e+01   1.3859875e+01   2.7850125e+01
   1.2000000e+01   1.4224500e+01   2.8358500e+01
   1.2500000e+01   1.4589125e+01   2.8866875e+01
   1.3000000e+01   1.4953750e+01   2.9375250e+01
   1.3500000e+01   1.5318375e+01   2.9883625e+01
   1.4000000e+01   1.5683000e+01   3.0392000e+01
   1.4500000e+01   1.6047625e+01   3.0900375e+01
   1.5000000e+01   1.6412250e+01   3.1408750e+01
   1.5500000e+01   1.6776875e+01   3.1917125e+01
   1.6000000e+01   1.7141500e+01   3.2425500e+01
   1.6500000e+01   1.7506125e+01   3.2933875e+01
   1.7000000e+01   1.7870750e+01   3.3442250e+01
   1.7500000e+01   1.8235375e+01   3.3950625e+01
   1.8000000e+01   1.8600000e+01   3.4459000e+01
   1.8500000e+01   1.8964625e+01   3.4967375e+01
   1.9000000e+01   1.9329250e+01   3.5475750e+01
   1.9500000e+01   1.9693875e+01   3.5984125e+01
   2.0000000e+01   2.0058500e+01   3.6492500e+01
   2.0500000e+01   2.0423125e+01   3.7000875e+01
   2.1000000e+01   2.0787750e+01   3.7509250e+01
   2.1500000e+01   2.1152375e+01   3.8017625e+01
   2.2000000e+01   2.1517000e+01   3.8526000e+01
   2.2500000e+01   2.1881625e+01   3.9034375e+01
   2.3000000e+01   2.2246250e+01   3.9542750e+01
   2.3500000e+01   2.2610875e+01   4.0051125e+01
   2.4000000e+01   2.2975500e+01   4.0559500e+01
   2.4500000e+01   2.3340125e+01   4.1067875e+01
   2.5000000e+01   2.3704750e+01   4.1576250e+01
   2.5500000e+01   2.4069375e+01   4.2084625e+01
   2.6000000e+01   2.4434000e+01   4.2593000e+01
   2.6500000e+01   2.4798625e+01   4.3101375e+01
   2.7000000e+01   2.5163250e+01   4.3609750e+01
   2.7500000e+01   2.5527875e+01   4.4118125e+01
   2.8000000e+01   2.5892500e+01   4.4626500e+01
   2.8500000e+01   2.6257125e+01   4.5134875e+01
   2.9000000e+01   2.6621750e+01   4.5643250e+01
   2.9500000e+01   2.6986375e+01   4.6151625e+01
   3.0000000e+01   2.7351000e+01   4.6660000e+01
   3.0500000e+01   2.7351000e+01   4.6660000e+01
   3.1000000e+01   2.7351000e+01   4.6660000e+01
   3.1500000e+01   2.7351000e+01   4.6660000e+01
   3.2000000e+01   2.7351000e+01   4.6660000e+01
   3.2500000e+01   2.7351000e+01   4.6660000e+01
   3.3000000e+01   2.7351000e+01   4.6660000e+01
   3.3500000e+01   2.7351000e+01   4.6660000e+01
   3.4000000e+01   2.7351000e+01   4.6660000e+01
   3.4500000e+01   2.7351000e+01   4.6660000e+01
   3.5000000e+01   2.7351000e+01   4.6660000e+01
   3.5500000e+01   2.7351000e+01   4.6660000e+01
   3.6000000e+01   2.7351000e+01   4.6660000e+01
   3.6500000e+01   2.7351000e+01   4.6660000e+01
   3.7000000e+01   2.7351000e+01   4.6660000e+01
   3.7500000e+01   2.7351000e+01   4.6660000e+01
   3.8000000e+01   2.7351000e+01   4.6660000e+01
   3.8500000e+01   2.7351000e+01   4.6660000e+01
   3.9000000e+01   2.7351000e+01   4.6660000e+01
   3.9500000e+01   2.7351000e+01   4.6660000e+01
   4.0000000e+01   2.7351000e+01   4.6660000e+01
