   0.0000000e+00   1.6000000e+00   4.3366000e+01
   5.0000000e-01   1.9000000e+00   4.3263500e+01
   1.0000000e+00   2.2000000e+00   4.3161000e+01
   1.5000000e+00   2.5000000e+00   4.3058500e+01
   2.0000000e+00   2.8000000e+00   4.2956000e+01
   2.5000000e+00   3.1000000e+00   4.2853500e+01
   3.0000000e+00   3.4000000e+00   4.2751000e+01
   3.5000000e+00   3.7000000e+00   4.2648500e+01
   4.0000000e+00   4.0000000e+00   4.2546000e+01
   4.5000000e+00   4.3000000e+00   4.2443500e+01
   5.0000000e+00   4.6000000e+00   4.2341000e+01
   5.5000000e+00   5.2966667e+00   4.2508400e+01
   6.0000000e+00   5.9933333e+00   4.2675800e+01
   6.5000000e+00   6.6900000e+00   4.2843200e+01
   7.0000000e+00   7.3866667e+00   4.3010600e+01
   7.5000000e+00   8.0833333e+00   4.3178000e+01
   8.0000000e+00   8.7800000e+00   4.3345400e+01
   8.5000000e+00   9.4766667e+00   4.3512800e+01
   9.0000000e+00   1.0173333e+01   4.3680200e+01
   9.5000000e+00   1.0870000e+01   4.3847600e+01
   1.0000000e+01   1.1566667e+01   4.4015000e+01
   1.0500000e+01   1.2263333e+01   4.4003125e+01
   1.1000000e+01   1.2960000e+01   4.3991250e+01
   1.1500000e+01   1.3656667e+01   4.3979375e+01
   1.2000000e+01   1.4353333e+01   4.3967500e+01
   1.2500000e+01   1.5050000e+01   4.3955625e+01
   1.3000000e+01   1.5746667e+01   4.3943750e+01
   1.3500000e+01   1.6443333e+01   4.3931875e+01
   1.4000000e+01   1.7140000e+01   4.3920000e+01
   1.4500000e+01   1.7836667e+01   4.3908125e+01
   1.5000000e+01   1.8533333e+01   4.3896250e+01
   1.5500000e+01   1.9230000e+01   4.3884375e+01
   1.6000000e+01   1.9926667e+01   4.3872500e+01
   1.6500000e+01   2.0623333e+01   4.3860625e+01
   1.7000000e+01   2.1320000e+01   4.3848750e+01
   1.7500000e+01   2.2016667e+01   4.3836875e+01
   1.8000000e+01   2.2713333e+01   4.3825000e+01
   1.8500000e+01   2.3410000e+01   4.3813125e+01
   1.9000000e+01   2.4106667e+01   4.3801250e+01
   1.9500000e+01   2.4803333e+01   4.3789375e+01
   2.0000000e+01   2.5500000e+01   4.3777500e+01
   2.0500000e+01   2.5500000e+01   4.3765625e+01
   2.1000000e+01   2.5500000e+01   4.3753750e+01
   2.1500000e+01   2.5500000e+01   4.3741875e+01
   2.2000000e+01   2.5500000e+01   4.3730000e+01
   2.2500000e+01   2.5500000e+01   4.3718125e+01
   2.3000000e+01   2.5500000e+01   4.3706250e+01
   2.3500000e+01   2.5500000e+01   4.3694375e+01
   2.4000000e+01   2.5500000e+01   4.3682500e+01
   2.4500000e+01   2.5500000e+01   4.3670625e+01
   2.5000000e+01   2.5500000e+01   4.3658750e+01
   2.5500000e+01   2.5500000e+01   4.3646875e+01
   2.6000000e+01   2.5500000e+01   4.3635000e+01
   2.6500000e+01   2.5500000e+01   4.3623125e+01
   2.7000000e+01   2.5500000e+01   4.3611250e+01
   2.7500000e+01   2.5500000e+01   4.3599375e+01
   2.8000000e+01   2.5500000e+01   4.3587500e+01
   2.8500000e+01   2.5500000e+01   4.3575625e+01
   2.9000000e+01   2.5500000e+01   4.3563750e+01
   2.9500000e+01   2.5500000e+01   4.3551875e+01
   3.0000000e+01   2.5500000e+01   4.3540000e+01
   3.0500000e+01   2.5500000e+01   4.3540000e+01
   3.1000000e+01   2.5500000e+01   4.3540000e+01
   3.1500000e+01   2.5500000e+01   4.3540000e+01
   3.2000000e+01   2.5500000e+01   4.3540000e+01
   3.2500000e+01   2.5500000e+01   4.3540000e+01
   3.3000000e+01   2.5500000e+01   4.3540000e+01
   3.3500000e+01   2.5500000e+01   4.3540000e+01
   3.4000000e+01   2.5500000e+01   4.3540000e+01
   3.4500000e+01   2.5500000e+01   4.3540000e+01
   3.5000000e+01   2.5500000e+01   4.3540000e+01
   3.5500000e+01   2.5500000e+01   4.3540000e+01
   3.6000000e+01   2.5500000e+01   4.3540000e+01
   3.6500000e+01   2.5500000e+01   4.3540000e+01
   3.7000000e+01   2.5500000e+01   4.3540000e+01
   3.7500000e+01   2.5500000e+01   4.3540000e+01
   3.8000000e+01   2.5500000e+01   4.3540000e+01
   3.8500000e+01   2.5500000e+01   4.3540000e+01
   3.9000000e+01   2.5500000e+01   4.3540000e+01
   3.9500000e+01   2.5500000e+01   4.3540000e+01
   4.0000000e+01   2.5500000e+01   4.3540000e+01
