   0.0000000e+00   1.6000000e+00   3.4370000e+01
   5.0000000e-01   1.9000000e+00   3.6315000e+01
   1.0000000e+00   2.2000000e+00   3.8260000e+01
   1.5000000e+00   2.5000000e+00   4.0205000e+01
   2.0000000e+00   2.8000000e+00   4.2150000e+01
   2.5000000e+00   3.1000000e+00   4.4095000e+01
   3.0000000e+00   3.4000000e+00   4.6040000e+01
   3.5000000e+00   3.7000000e+00   4.7985000e+01
   4.0000000e+00   4.0000000e+00   4.9930000e+01
   4.5000000e+00   4.3000000e+00   5.1875000e+01
   5.0000000e+00   4.6000000e+00   5.3820000e+01
   5.5000000e+00   5.2966667e+00   5.3979000e+01
   6.0000000e+00   5.9933333e+00   5.4138000e+01
   6.5000000e+00   6.6900000e+00   5.4297000e+01
   7.0000000e+00   7.3866667e+00   5.4456000e+01
   7.5000000e+00   8.0833333e+00   5.4615000e+01
   8.0000000e+00   8.7800000e+00   5.4774000e+01
   8.5000000e+00   9.4766667e+00   5.4933000e+01
   9.0000000e+00   1.0173333e+01   5.5092000e+01
   9.5000000e+00   1.0870000e+01   5.5251000e+01
   1.0000000e+01   1.1566667e+01   5.5410000e+01
   1.0500000e+01   1.2263333e+01   5.5279750e+01
   1.1000000e+01   1.2960000e+01   5.5149500e+01
   1.1500000e+01   1.3656667e+01   5.5019250e+01
   1.2000000e+01   1.4353333e+01   5.4889000e+01
   1.2500000e+01   1.5050000e+01   5.4758750e+01
   1.3000000e+01   1.5746667e+01   5.4628500e+01
   1.3500000e+01   1.6443333e+01   5.4498250e+01
   1.4000000e+01   1.7140000e+01   5.4368000e+01
   1.4500000e+01   1.7836667e+01   5.4237750e+01
   1.5000000e+01   1.8533333e+01   5.4107500e+01
   1.5500000e+01   1.9230000e+01   5.3977250e+01
   1.6000000e+01   1.9926667e+01   5.3847000e+01
   1.6500000e+01   2.0623333e+01   5.3716750e+01
   1.7000000e+01   2.1320000e+01   5.3586500e+01
   1.7500000e+01   2.2016667e+01   5.3456250e+01
   1.8000000e+01   2.2713333e+01   5.3326000e+01
   1.8500000e+01   2.3410000e+01   5.3195750e+01
   1.9000000e+01   2.4106667e+01   5.3065500e+01
   1.9500000e+01   2.4803333e+01   5.2935250e+01
   2.0000000e+01   2.5500000e+01   5.2805000e+01
   2.0500000e+01   2.5500000e+01   5.2674750e+01
   2.1000000e+01   2.5500000e+01   5.2544500e+01
   2.1500000e+01   2.5500000e+01   5.2414250e+01
   2.2000000e+01   2.5500000e+01   5.2284000e+01
   2.2500000e+01   2.5500000e+01   5.2153750e+01
   2.3000000e+01   2.5500000e+01   5.2023500e+01
   2.3500000e+01   2.5500000e+01   5.1893250e+01
   2.4000000e+01   2.5500000e+01   5.1763000e+01
   2.4500000e+01   2.5500000e+01   5.1632750e+01
   2.5000000e+01   2.5500000e+01   5.1502500e+01
   2.5500000e+01   2.5500000e+01   5.1372250e+01
   2.6000000e+01   2.5500000e+01   5.1242000e+01
   2.6500000e+01   2.5500000e+01   5.1111750e+01
   2.7000000e+01   2.5500000e+01   5.0981500e+01
   2.7500000e+01   2.5500000e+01   5.0851250e+01
   2.8000000e+01   2.5500000e+01   5.0721000e+01
   2.8500000e+01   2.5500000e+01   5.0590750e+01
   2.9000000e+01   2.5500000e+01   5.0460500e+01
   2.9500000e+01   2.5500000e+01   5.0330250e+01
   3.0000000e+01   2.5500000e+01   5.0200000e+01
   3.0500000e+01   2.5500000e+01   5.0200000e+01
   3.1000000e+01   2.5500000e+01   5.0200000e+01
   3.1500000e+01   2.5500000e+01   5.0200000e+01
   3.2000000e+01   2.5500000e+01   5.0200000e+01
   3.2500000e+01   2.5500000e+01   5.0200000e+01
   3.3000000e+01   2.5500000e+01   5.0200000e+01
   3.3500000e+01   2.5500000e+01   5.0200000e+01
   3.4000000e+01   2.5500000e+01   5.0200000e+01
   3.4500000e+01   2.5500000e+01   5.0200000e+01
   3.5000000e+01   2.5500000e+01   5.0200000e+01
   3.5500000e+01   2.5500000e+01   5.0200000e+01
   3.6000000e+01   2.5500000e+01   5.0200000e+01
   3.6500000e+01   2.5500000e+01   5.0200000e+01
   3.7000000e+01   2.5500000e+01   5.0200000e+01
   3.7500000e+01   2.5500000e+01   5.0200000e+01
   3.8000000e+01   2.5500000e+01   5.0200000e+01
   3.8500000e+01   2.5500000e+01   5.0200000e+01
   3.9000000e+01   2.5500000e+01   5.0200000e+01
   3.9500000e+01   2.5500000e+01   5.0200000e+01
   4.0000000e+01   2.5500000e+01   5.0200000e+01
