   0.0000000e+00   1.6000000e+00   6.7751000e+01
   5.0000000e-01   1.9000000e+00   6.2932300e+01
   1.0000000e+00   2.2000000e+00   5.8113600e+01
   1.5000000e+00   2.5000000e+00   5.3294900e+01
   2.0000000e+00   2.8000000e+00   4.8476200e+01
   2.5000000e+00   3.1000000e+00   4.3657500e+01
   3.0000000e+00   3.4000000e+00   3.8838800e+01
   3.5000000e+00   3.7000000e+00   3.4020100e+01
   4.0000000e+00   4.0000000e+00   2.9201400e+01
   4.5000000e+00   4.3000000e+00   2.4382700e+01
   5.0000000e+00   4.6000000e+00   1.9564000e+01
   5.5000000e+00   5.2966667e+00   1.9188700e+01
   6.0000000e+00   5.9933333e+00   1.8813400e+01
   6.5000000e+00   6.6900000e+00   1.8438100e+01
   7.0000000e+00   7.3866667e+00   1.8062800e+01
   7.5000000e+00   8.0833333e+00   1.7687500e+01
   8.0000000e+00   8.7800000e+00   1.7312200e+01
   8.5000000e+00   9.4766667e+00   1.6936900e+01
   9.0000000e+00   1.0173333e+01   1.6561600e+01
   9.5000000e+00   1.0870000e+01   1.6186300e+01
   1.0000000e+01   1.1566667e+01   1.5811000e+01
   1.0500000e+01   1.2263333e+01   1.6350100e+01
   1.1000000e+01   1.2960000e+01   1.6889200e+01
   1.1500000e+01   1.3656667e+01   1.7428300e+01
   1.2000000e+01   1.4353333e+01   1.7967400e+01
   1.2500000e+01   1.5050000e+01   1.8506500e+01
   1.3000000e+01   1.5746667e+01   1.9045600e+01
   1.3500000e+01   1.6443333e+01   1.9584700e+01
   1.4000000e+01   1.7140000e+01   2.0123800e+01
   1.4500000e+01   1.7836667e+01   2.0662900e+01
   1.5000000e+01   1.8533333e+01   2.1202000e+01
   1.5500000e+01   1.9230000e+01   2.1741100e+01
   1.6000000e+01   1.9926667e+01   2.2280200e+01
   1.6500000e+01   2.0623333e+01   2.2819300e+01
   1.7000000e+01   2.1320000e+01   2.3358400e+01
   1.7500000e+01   2.2016667e+01   2.3897500e+01
   1.8000000e+01   2.2713333e+01   2.4436600e+01
   1.8500000e+01   2.3410000e+01   2.4975700e+01
   1.9000000e+01   2.4106667e+01   2.5514800e+01
   1.9500000e+01   2.4803333e+01   2.6053900e+01
   2.0000000e+01   2.5500000e+01   2.6593000e+01
   2.0500000e+01   2.5500000e+01   2.7132100e+01
   2.1000000e+01   2.5500000e+01   2.7671200e+01
   2.1500000e+01   2.5500000e+01   2.8210300e+01
   2.2000000e+01   2.5500000e+01   2.8749400e+01
   2.2500000e+01   2.5500000e+01   2.9288500e+01
   2.3000000e+01   2.5500000e+01   2.9827600e+01
   2.3500000e+01   2.5500000e+01   3.0366700e+01
   2.4000000e+01   2.5500000e+01   3.0905800e+01
   2.4500000e+01   2.5500000e+01   3.1444900e+01
   2.5000000e+01   2.5500000e+01   3.1984000e+01
   2.5500000e+01   2.5500000e+01   3.2523100e+01
   2.6000000e+01   2.5500000e+01   3.3062200e+01
   2.6500000e+01   2.5500000e+01   3.3601300e+01
   2.7000000e+01   2.5500000e+01   3.4140400e+01
   2.7500000e+01   2.5500000e+01   3.4679500e+01
   2.8000000e+01   2.5500000e+01   3.5218600e+01
   2.8500000e+01   2.5500000e+01   3.5757700e+01
   2.9000000e+01   2.5500000e+01   3.6296800e+01
   2.9500000e+01   2.5500000e+01   3.6835900e+01
   3.0000000e+01   2.5500000e+01   3.7375000e+01
   3.0500000e+01   2.5500000e+01   3.7375000e+01
   3.1000000e+01   2.5500000e+01   3.7375000e+01
   3.1500000e+01   2.5500000e+01   3.7375000e+01
   3.2000000e+01   2.5500000e+01   3.7375000e+01
   3.2500000e+01   2.5500000e+01   3.7375000e+01
   3.3000000e+01   2.5500000e+01   3.7375000e+01
   3.3500000e+01   2.5500000e+01   3.7375000e+01
   3.4000000e+01   2.5500000e+01   3.7375000e+01
   3.4500000e+01   2.5500000e+01   3.7375000e+01
   3.5000000e+01   2.5500000e+01   3.7375000e+01
   3.5500000e+01   2.5500000e+01   3.7375000e+01
   3.6000000e+01   2.5500000e+01   3.7375000e+01
   3.6500000e+01   2.5500000e+01   3.7375000e+01
   3.7000000e+01   2.5500000e+01   3.7375000e+01
   3.7500000e+01   2.5500000e+01   3.7375000e+01
   3.8000000e+01   2.5500000e+01   3.7375000e+01
   3.8500000e+01   2.5500000e+01   3.7375000e+01
   3.9000000e+01   2.5500000e+01   3.7375000e+01
   3.9500000e+01   2.5500000e+01   3.7375000e+01
   4.0000000e+01   2.5500000e+01   3.7375000e+01
