   0.0000000e+00   1.6000000e+00   2.0562000e+01
   5.0000000e-01   1.9000000e+00   2.1537400e+01
   1.0000000e+00   2.2000000e+00   2.2512800e+01
   1.5000000e+00   2.5000000e+00   2.3488200e+01
   2.0000000e+00   2.8000000e+00   2.4463600e+01
   2.5000000e+00   3.1000000e+00   2.5439000e+01
   3.0000000e+00   3.4000000e+00   2.6414400e+01
   3.5000000e+00   3.7000000e+00   2.7389800e+01
   4.0000000e+00   4.0000000e+00   2.8365200e+01
   4.5000000e+00   4.3000000e+00   2.9340600e+01
   5.0000000e+00   4.6000000e+00   3.0316000e+01
   5.5000000e+00   5.2966667e+00   3.0326500e+01
   6.0000000e+00   5.9933333e+00   3.0337000e+01
   6.5000000e+00   6.6900000e+00   3.0347500e+01
   7.0000000e+00   7.3866667e+00   3.0358000e+01
   7.5000000e+00   8.0833333e+00   3.0368500e+01
   8.0000000e+00   8.7800000e+00   3.0379000e+01
   8.5000000e+00   9.4766667e+00   3.0389500e+01
   9.0000000e+00   1.0173333e+01   3.0400000e+01
   9.5000000e+00   1.0870000e+01   3.0410500e+01
   1.0000000e+01   1.1566667e+01   3.0421000e+01
   1.0500000e+01   1.2263333e+01   3.0510700e+01
   1.1000000e+01   1.2960000e+01   3.0600400e+01
   1.1500000e+01   1.3656667e+01   3.0690100e+01
   1.2000000e+01   1.4353333e+01   3.0779800e+01
   1.2500000e+01   1.5050000e+01   3.0869500e+01
   1.3000000e+01   1.5746667e+01   3.0959200e+01
   1.3500000e+01   1.6443333e+01   3.1048900e+01
   1.4000000e+01   1.7140000e+01   3.1138600e+01
   1.4500000e+01   1.7836667e+01   3.1228300e+01
   1.5000000e+01   1.8533333e+01   3.1318000e+01
   1.5500000e+01   1.9230000e+01   3.1407700e+01
   1.6000000e+01   1.9926667e+01   3.1497400e+01
   1.6500000e+01   2.0623333e+01   3.1587100e+01
   1.7000000e+01   2.1320000e+01   3.1676800e+01
   1.7500000e+01   2.2016667e+01   3.1766500e+01
   1.8000000e+01   2.2713333e+01   3.1856200e+01
   1.8500000e+01   2.3410000e+01   3.1945900e+01
   1.9000000e+01   2.4106667e+01   3.2035600e+01
   1.9500000e+01   2.4803333e+01   3.2125300e+01
   2.0000000e+01   2.5500000e+01   3.2215000e+01
   2.0500000e+01   2.5500000e+01   3.2304700e+01
   2.1000000e+01   2.5500000e+01   3.2394400e+01
   2.1500000e+01   2.5500000e+01   3.2484100e+01
   2.2000000e+01   2.5500000e+01   3.2573800e+01
   2.2500000e+01   2.5500000e+01   3.2663500e+01
   2.3000000e+01   2.5500000e+01   3.2753200e+01
   2.3500000e+01   2.5500000e+01   3.2842900e+01
   2.4000000e+01   2.5500000e+01   3.2932600e+01
   2.4500000e+01   2.5500000e+01   3.3022300e+01
   2.5000000e+01   2.5500000e+01   3.3112000e+01
   2.5500000e+01   2.5500000e+01   3.3201700e+01
   2.6000000e+01   2.5500000e+01   3.3291400e+01
   2.6500000e+01   2.5500000e+01   3.3381100e+01
   2.7000000e+01   2.5500000e+01   3.3470800e+01
   2.7500000e+01   2.5500000e+01   3.3560500e+01
   2.8000000e+01   2.5500000e+01   3.3650200e+01
   2.8500000e+01   2.5500000e+01   3.3739900e+01
   2.9000000e+01   2.5500000e+01   3.3829600e+01
   2.9500000e+01   2.5500000e+01   3.3919300e+01
   3.0000000e+01   2.5500000e+01   3.4009000e+01
   3.0500000e+01   2.5500000e+01   3.4009000e+01
   3.1000000e+01   2.5500000e+01   3.4009000e+01
   3.1500000e+01   2.5500000e+01   3.4009000e+01
   3.2000000e+01   2.5500000e+01   3.4009000e+01
   3.2500000e+01   2.5500000e+01   3.4009000e+01
   3.3000000e+01   2.5500000e+01   3.4009000e+01
   3.3500000e+01   2.5500000e+01   3.4009000e+01
   3.4000000e+01   2.5500000e+01   3.4009000e+01
   3.4500000e+01   2.5500000e+01   3.4009000e+01
   3.5000000e+01   2.5500000e+01   3.4009000e+01
   3.5500000e+01   2.5500000e+01   3.4009000e+01
   3.6000000e+01   2.5500000e+01   3.4009000e+01
   3.6500000e+01   2.5500000e+01   3.4009000e+01
   3.7000000e+01   2.5500000e+01   3.4009000e+01
   3.7500000e+01   2.5500000e+01   3.4009000e+01
   3.8000000e+01   2.5500000e+01   3.4009000e+01
   3.8500000e+01   2.5500000e+01   3.4009000e+01
   3.9000000e+01   2.5500000e+01   3.4009000e+01
   3.9500000e+01   2.5500000e+01   3.4009000e+01
   4.0000000e+01   2.5500000e+01   3.4009000e+01
