   0.0000000e+00   1.6000000e+00   2.7312000e+01
   5.0000000e-01   1.9000000e+00   2.6497400e+01
   1.0000000e+00   2.2000000e+00   2.5682800e+01
   1.5000000e+00   2.5000000e+00   2.4868200e+01
   2.0000000e+00   2.8000000e+00   2.4053600e+01
   2.5000000e+00   3.1000000e+00   2.3239000e+01
   3.0000000e+00   3.4000000e+00   2.2424400e+01
   3.5000000e+00   3.7000000e+00   2.1609800e+01
   4.0000000e+00   4.0000000e+00   2.0795200e+01
   4.5000000e+00   4.3000000e+00   1.9980600e+01
   5.0000000e+00   4.6000000e+00   1.9166000e+01
   5.5000000e+00   5.2966667e+00   1.9170700e+01
   6.0000000e+00   5.9933333e+00   1.9175400e+01
   6.5000000e+00   6.6900000e+00   1.9180100e+01
   7.0000000e+00   7.3866667e+00   1.9184800e+01
   7.5000000e+00   8.0833333e+00   1.9189500e+01
   8.0000000e+00   8.7800000e+00   1.9194200e+01
   8.5000000e+00   9.4766667e+00   1.9198900e+01
   9.0000000e+00   1.0173333e+01   1.9203600e+01
   9.5000000e+00   1.0870000e+01   1.9208300e+01
   1.0000000e+01   1.1566667e+01   1.9213000e+01
   1.0500000e+01   1.2263333e+01   1.9947825e+01
   1.1000000e+01   1.2960000e+01   2.0682650e+01
   1.1500000e+01   1.3656667e+01   2.1417475e+01
   1.2000000e+01   1.4353333e+01   2.2152300e+01
   1.2500000e+01   1.5050000e+01   2.2887125e+01
   1.3000000e+01   1.5746667e+01   2.3621950e+01
   1.3500000e+01   1.6443333e+01   2.4356775e+01
   1.4000000e+01   1.7140000e+01   2.5091600e+01
   1.4500000e+01   1.7836667e+01   2.5826425e+01
   1.5000000e+01   1.8533333e+01   2.6561250e+01
   1.5500000e+01   1.9230000e+01   2.7296075e+01
   1.6000000e+01   1.9926667e+01   2.8030900e+01
   1.6500000e+01   2.0623333e+01   2.8765725e+01
   1.7000000e+01   2.1320000e+01   2.9500550e+01
   1.7500000e+01   2.2016667e+01   3.0235375e+01
   1.8000000e+01   2.2713333e+01   3.0970200e+01
   1.8500000e+01   2.3410000e+01   3.1705025e+01
   1.9000000e+01   2.4106667e+01   3.2439850e+01
   1.9500000e+01   2.4803333e+01   3.3174675e+01
   2.0000000e+01   2.5500000e+01   3.3909500e+01
   2.0500000e+01   2.5500000e+01   3.4644325e+01
   2.1000000e+01   2.5500000e+01   3.5379150e+01
   2.1500000e+01   2.5500000e+01   3.6113975e+01
   2.2000000e+01   2.5500000e+01   3.6848800e+01
   2.2500000e+01   2.5500000e+01   3.7583625e+01
   2.3000000e+01   2.5500000e+01   3.8318450e+01
   2.3500000e+01   2.5500000e+01   3.9053275e+01
   2.4000000e+01   2.5500000e+01   3.9788100e+01
   2.4500000e+01   2.5500000e+01   4.0522925e+01
   2.5000000e+01   2.5500000e+01   4.1257750e+01
   2.5500000e+01   2.5500000e+01   4.1992575e+01
   2.6000000e+01   2.5500000e+01   4.2727400e+01
   2.6500000e+01   2.5500000e+01   4.3462225e+01
   2.7000000e+01   2.5500000e+01   4.4197050e+01
   2.7500000e+01   2.5500000e+01   4.4931875e+01
   2.8000000e+01   2.5500000e+01   4.5666700e+01
   2.8500000e+01   2.5500000e+01   4.6401525e+01
   2.9000000e+01   2.5500000e+01   4.7136350e+01
   2.9500000e+01   2.5500000e+01   4.7871175e+01
   3.0000000e+01   2.5500000e+01   4.8606000e+01
   3.0500000e+01   2.5500000e+01   4.8606000e+01
   3.1000000e+01   2.5500000e+01   4.8606000e+01
   3.1500000e+01   2.5500000e+01   4.8606000e+01
   3.2000000e+01   2.5500000e+01   4.8606000e+01
   3.2500000e+01   2.5500000e+01   4.8606000e+01
   3.3000000e+01   2.5500000e+01   4.8606000e+01
   3.3500000e+01   2.5500000e+01   4.8606000e+01
   3.4000000e+01   2.5500000e+01   4.8606000e+01
   3.4500000e+01   2.5500000e+01   4.8606000e+01
   3.5000000e+01   2.5500000e+01   4.8606000e+01
   3.5500000e+01   2.5500000e+01   4.8606000e+01
   3.6000000e+01   2.5500000e+01   4.8606000e+01
   3.6500000e+01   2.5500000e+01   4.8606000e+01
   3.7000000e+01   2.5500000e+01   4.8606000e+01
   3.7500000e+01   2.5500000e+01   4.8606000e+01
   3.8000000e+01   2.5500000e+01   4.8606000e+01
   3.8500000e+01   2.5500000e+01   4.8606000e+01
   3.9000000e+01   2.5500000e+01   4.8606000e+01
   3.9500000e+01   2.5500000e+01   4.8606000e+01
   4.0000000e+01   2.5500000e+01   4.8606000e+01
