   0.0000000e+00   2.2290000e+01   4.3614000e+01
   5.0000000e-01   2.2015900e+01   4.3298200e+01
   1.0000000e+00   2.1741800e+01   4.2982400e+01
   1.5000000e+00   2.1467700e+01   4.2666600e+01
   2.0000000e+00   2.1193600e+01   4.2350800e+01
   2.5000000e+00   2.0919500e+01   4.2035000e+01
   3.0000000e+00   2.0645400e+01   4.1719200e+01
   3.5000000e+00   2.0371300e+01   4.1403400e+01
   4.0000000e+00   2.0097200e+01   4.1087600e+01
   4.5000000e+00   1.9823100e+01   4.0771800e+01
   5.0000000e+00   1.9549000e+01   4.0456000e+01
   5.5000000e+00   1.9741500e+01   4.0602800e+01
   6.0000000e+00   1.9934000e+01   4.0749600e+01
   6.5000000e+00   2.0126500e+01   4.0896400e+01
   7.0000000e+00   2.0319000e+01   4.1043200e+01
   7.5000000e+00   2.0511500e+01   4.1190000e+01
   8.0000000e+00   2.0704000e+01   4.1336800e+01
   8.5000000e+00   2.0896500e+01   4.1483600e+01
   9.0000000e+00   2.1089000e+01   4.1630400e+01
   9.5000000e+00   2.1281500e+01   4.1777200e+01
   1.0000000e+01   2.1474000e+01   4.1924000e+01
   1.0500000e+01   2.1676950e+01   4.2236075e+01
   1.1000000e+01   2.1879900e+01   4.2548150e+01
   1.1500000e+01   2.2082850e+01   4.2860225e+01
   1.2000000e+01   2.2285800e+01   4.3172300e+01
   1.2500000e+01   2.2488750e+01   4.3484375e+01
   1.3000000e+01   2.2691700e+01   4.3796450e+01
   1.3500000e+01   2.2894650e+01   4.4108525e+01
   1.4000000e+01   2.3097600e+01   4.4420600e+01
   1.4500000e+01   2.3300550e+01   4.4732675e+01
   1.5000000e+01   2.3503500e+01   4.5044750e+01
   1.5500000e+01   2.3706450e+01   4.5356825e+01
   1.6000000e+01   2.3909400e+01   4.5668900e+01
   1.6500000e+01   2.4112350e+01   4.5980975e+01
   1.7000000e+01   2.4315300e+01   4.6293050e+01
   1.7500000e+01   2.4518250e+01   4.6605125e+01
   1.8000000e+01   2.4721200e+01   4.6917200e+01
   1.8500000e+01   2.4924150e+01   4.7229275e+01
   1.9000000e+01   2.5127100e+01   4.7541350e+01
   1.9500000e+01   2.5330050e+01   4.7853425e+01
   2.0000000e+01   2.5533000e+01   4.8165500e+01
   2.0500000e+01   2.5735950e+01   4.8477575e+01
   2.1000000e+01   2.5938900e+01   4.8789650e+01
   2.1500000e+01   2.6141850e+01   4.9101725e+01
   2.2000000e+01   2.6344800e+01   4.9413800e+01
   2.2500000e+01   2.6547750e+01   4.9725875e+01
   2.3000000e+01   2.6750700e+01   5.0037950e+01
   2.3500000e+01   2.6953650e+01   5.0350025e+01
   2.4000000e+01   2.7156600e+01   5.0662100e+01
   2.4500000e+01   2.7359550e+01   5.0974175e+01
   2.5000000e+01   2.7562500e+01   5.1286250e+01
   2.5500000e+01   2.7765450e+01   5.1598325e+01
   2.6000000e+01   2.7968400e+01   5.1910400e+01
   2.6500000e+01   2.8171350e+01   5.2222475e+01
   2.7000000e+01   2.8374300e+01   5.2534550e+01
   2.7500000e+01   2.8577250e+01   5.2846625e+01
   2.8000000e+01   2.8780200e+01   5.3158700e+01
   2.8500000e+01   2.8983150e+01   5.3470775e+01
   2.9000000e+01   2.9186100e+01   5.3782850e+01
   2.9500000e+01   2.9389050e+01   5.4094925e+01
   3.0000000e+01   2.9592000e+01   5.4407000e+01
   3.0500000e+01   2.9592000e+01   5.4407000e+01
   3.1000000e+01   2.9592000e+01   5.4407000e+01
   3.1500000e+01   2.9592000e+01   5.4407000e+01
   3.2000000e+01   2.9592000e+01   5.4407000e+01
   3.2500000e+01   2.9592000e+01   5.4407000e+01
   3.3000000e+01   2.9592000e+01   5.4407000e+01
   3.3500000e+01   2.9592000e+01   5.4407000e+01
   3.4000000e+01   2.9592000e+01   5.4407000e+01
   3.4500000e+01   2.9592000e+01   5.4407000e+01
   3.5000000e+01   2.9592000e+01   5.4407000e+01
   3.5500000e+01   2.9592000e+01   5.4407000e+01
   3.6000000e+01   2.9592000e+01   5.4407000e+01
   3.6500000e+01   2.9592000e+01   5.4407000e+01
   3.7000000e+01   2.9592000e+01   5.4407000e+01
   3.7500000e+01   2.9592000e+01   5.4407000e+01
   3.8000000e+01   2.9592000e+01   5.4407000e+01
   3.8500000e+01   2.9592000e+01   5.4407000e+01
   3.9000000e+01   2.9592000e+01   5.4407000e+01
   3.9500000e+01   2.9592000e+01   5.4407000e+01
   4.0000000e+01   2.9592000e+01   5.4407000e+01
