   0.0000000e+00   2.1261000e+01   3.8590000e+01
   5.0000000e-01   2.1292600e+01   3.8354200e+01
   1.0000000e+00   2.1324200e+01   3.8118400e+01
   1.5000000e+00   2.1355800e+01   3.7882600e+01
   2.0000000e+00   2.1387400e+01   3.7646800e+01
   2.5000000e+00   2.1419000e+01   3.7411000e+01
   3.0000000e+00   2.1450600e+01   3.7175200e+01
   3.5000000e+00   2.1482200e+01   3.6939400e+01
   4.0000000e+00   2.1513800e+01   3.6703600e+01
   4.5000000e+00   2.1545400e+01   3.6467800e+01
   5.0000000e+00   2.1577000e+01   3.6232000e+01
   5.5000000e+00   2.2065700e+01   3.7239800e+01
   6.0000000e+00   2.2554400e+01   3.8247600e+01
   6.5000000e+00   2.3043100e+01   3.9255400e+01
   7.0000000e+00   2.3531800e+01   4.0263200e+01
   7.5000000e+00   2.4020500e+01   4.1271000e+01
   8.0000000e+00   2.4509200e+01   4.2278800e+01
   8.5000000e+00   2.4997900e+01   4.3286600e+01
   9.0000000e+00   2.5486600e+01   4.4294400e+01
   9.5000000e+00   2.5975300e+01   4.5302200e+01
   1.0000000e+01   2.6464000e+01   4.6310000e+01
   1.0500000e+01   2.6387375e+01   4.6253425e+01
   1.1000000e+01   2.6310750e+01   4.6196850e+01
   1.1500000e+01   2.6234125e+01   4.6140275e+01
   1.2000000e+01   2.6157500e+01   4.6083700e+01
   1.2500000e+01   2.6080875e+01   4.6027125e+01
   1.3000000e+01   2.6004250e+01   4.5970550e+01
   1.3500000e+01   2.5927625e+01   4.5913975e+01
   1.4000000e+01   2.5851000e+01   4.5857400e+01
   1.4500000e+01   2.5774375e+01   4.5800825e+01
   1.5000000e+01   2.5697750e+01   4.5744250e+01
   1.5500000e+01   2.5621125e+01   4.5687675e+01
   1.6000000e+01   2.5544500e+01   4.5631100e+01
   1.6500000e+01   2.5467875e+01   4.5574525e+01
   1.7000000e+01   2.5391250e+01   4.5517950e+01
   1.7500000e+01   2.5314625e+01   4.5461375e+01
   1.8000000e+01   2.5238000e+01   4.5404800e+01
   1.8500000e+01   2.5161375e+01   4.5348225e+01
   1.9000000e+01   2.5084750e+01   4.5291650e+01
   1.9500000e+01   2.5008125e+01   4.5235075e+01
   2.0000000e+01   2.4931500e+01   4.5178500e+01
   2.0500000e+01   2.4854875e+01   4.5121925e+01
   2.1000000e+01   2.4778250e+01   4.5065350e+01
   2.1500000e+01   2.4701625e+01   4.5008775e+01
   2.2000000e+01   2.4625000e+01   4.4952200e+01
   2.2500000e+01   2.4548375e+01   4.4895625e+01
   2.3000000e+01   2.4471750e+01   4.4839050e+01
   2.3500000e+01   2.4395125e+01   4.4782475e+01
   2.4000000e+01   2.4318500e+01   4.4725900e+01
   2.4500000e+01   2.4241875e+01   4.4669325e+01
   2.5000000e+01   2.4165250e+01   4.4612750e+01
   2.5500000e+01   2.4088625e+01   4.4556175e+01
   2.6000000e+01   2.4012000e+01   4.4499600e+01
   2.6500000e+01   2.3935375e+01   4.4443025e+01
   2.7000000e+01   2.3858750e+01   4.4386450e+01
   2.7500000e+01   2.3782125e+01   4.4329875e+01
   2.8000000e+01   2.3705500e+01   4.4273300e+01
   2.8500000e+01   2.3628875e+01   4.4216725e+01
   2.9000000e+01   2.3552250e+01   4.4160150e+01
   2.9500000e+01   2.3475625e+01   4.4103575e+01
   3.0000000e+01   2.3399000e+01   4.4047000e+01
   3.0500000e+01   2.3399000e+01   4.4047000e+01
   3.1000000e+01   2.3399000e+01   4.4047000e+01
   3.1500000e+01   2.3399000e+01   4.4047000e+01
   3.2000000e+01   2.3399000e+01   4.4047000e+01
   3.2500000e+01   2.3399000e+01   4.4047000e+01
   3.3000000e+01   2.3399000e+01   4.4047000e+01
   3.3500000e+01   2.3399000e+01   4.4047000e+01
   3.4000000e+01   2.3399000e+01   4.4047000e+01
   3.4500000e+01   2.3399000e+01   4.4047000e+01
   3.5000000e+01   2.3399000e+01   4.4047000e+01
   3.5500000e+01   2.3399000e+01   4.4047000e+01
   3.6000000e+01   2.3399000e+01   4.4047000e+01
   3.6500000e+01   2.3399000e+01   4.4047000e+01
   3.7000000e+01   2.3399000e+01   4.4047000e+01
   3.7500000e+01   2.3399000e+01   4.4047000e+01
   3.8000000e+01   2.3399000e+01   4.4047000e+01
   3.8500000e+01   2.3399000e+01   4.4047000e+01
   3.9000000e+01   2.3399000e+01   4.4047000e+01
   3.9500000e+01   2.3399000e+01   4.4047000e+01
   4.0000000e+01   2.3399000e+01   4.4047000e+01
