   0.0000000e+00   2.3570000e+01   4.5010000e+01
   5.0000000e-01   2.3656000e+01   4.5207000e+01
   1.0000000e+00   2.3742000e+01   4.5404000e+01
   1.5000000e+00   2.3828000e+01   4.5601000e+01
   2.0000000e+00   2.3914000e+01   4.5798000e+01
   2.5000000e+00   2.4000000e+01   4.5995000e+01
   3.0000000e+00   2.4086000e+01   4.6192000e+01
   3.5000000e+00   2.4172000e+01   4.6389000e+01
   4.0000000e+00   2.4258000e+01   4.6586000e+01
   4.5000000e+00   2.4344000e+01   4.6783000e+01
   5.0000000e+00   2.4430000e+01   4.6980000e+01
   5.5000000e+00   2.4531000e+01   4.7051000e+01
   6.0000000e+00   2.4632000e+01   4.7122000e+01
   6.5000000e+00   2.4733000e+01   4.7193000e+01
   7.0000000e+00   2.4834000e+01   4.7264000e+01
   7.5000000e+00   2.4935000e+01   4.7335000e+01
   8.0000000e+00   2.5036000e+01   4.7406000e+01
   8.5000000e+00   2.5137000e+01   4.7477000e+01
   9.0000000e+00   2.5238000e+01   4.7548000e+01
   9.5000000e+00   2.5339000e+01   4.7619000e+01
   1.0000000e+01   2.5440000e+01   4.7690000e+01
   1.0500000e+01   2.5463250e+01   4.7760000e+01
   1.1000000e+01   2.5486500e+01   4.7830000e+01
   1.1500000e+01   2.5509750e+01   4.7900000e+01
   1.2000000e+01   2.5533000e+01   4.7970000e+01
   1.2500000e+01   2.5556250e+01   4.8040000e+01
   1.3000000e+01   2.5579500e+01   4.8110000e+01
   1.3500000e+01   2.5602750e+01   4.8180000e+01
   1.4000000e+01   2.5626000e+01   4.8250000e+01
   1.4500000e+01   2.5649250e+01   4.8320000e+01
   1.5000000e+01   2.5672500e+01   4.8390000e+01
   1.5500000e+01   2.5695750e+01   4.8460000e+01
   1.6000000e+01   2.5719000e+01   4.8530000e+01
   1.6500000e+01   2.5742250e+01   4.8600000e+01
   1.7000000e+01   2.5765500e+01   4.8670000e+01
   1.7500000e+01   2.5788750e+01   4.8740000e+01
   1.8000000e+01   2.5812000e+01   4.8810000e+01
   1.8500000e+01   2.5835250e+01   4.8880000e+01
   1.9000000e+01   2.5858500e+01   4.8950000e+01
   1.9500000e+01   2.5881750e+01   4.9020000e+01
   2.0000000e+01   2.5905000e+01   4.9090000e+01
   2.0500000e+01   2.5928250e+01   4.9160000e+01
   2.1000000e+01   2.5951500e+01   4.9230000e+01
   2.1500000e+01   2.5974750e+01   4.9300000e+01
   2.2000000e+01   2.5998000e+01   4.9370000e+01
   2.2500000e+01   2.6021250e+01   4.9440000e+01
   2.3000000e+01   2.6044500e+01   4.9510000e+01
   2.3500000e+01   2.6067750e+01   4.9580000e+01
   2.4000000e+01   2.6091000e+01   4.9650000e+01
   2.4500000e+01   2.6114250e+01   4.9720000e+01
   2.5000000e+01   2.6137500e+01   4.9790000e+01
   2.5500000e+01   2.6160750e+01   4.9860000e+01
   2.6000000e+01   2.6184000e+01   4.9930000e+01
   2.6500000e+01   2.6207250e+01   5.0000000e+01
   2.7000000e+01   2.6230500e+01   5.0070000e+01
   2.7500000e+01   2.6253750e+01   5.0140000e+01
   2.8000000e+01   2.6277000e+01   5.0210000e+01
   2.8500000e+01   2.6300250e+01   5.0280000e+01
   2.9000000e+01   2.6323500e+01   5.0350000e+01
   2.9500000e+01   2.6346750e+01   5.0420000e+01
   3.0000000e+01   2.6370000e+01   5.0490000e+01
   3.0500000e+01   2.6370000e+01   5.0490000e+01
   3.1000000e+01   2.6370000e+01   5.0490000e+01
   3.1500000e+01   2.6370000e+01   5.0490000e+01
   3.2000000e+01   2.6370000e+01   5.0490000e+01
   3.2500000e+01   2.6370000e+01   5.0490000e+01
   3.3000000e+01   2.6370000e+01   5.0490000e+01
   3.3500000e+01   2.6370000e+01   5.0490000e+01
   3.4000000e+01   2.6370000e+01   5.0490000e+01
   3.4500000e+01   2.6370000e+01   5.0490000e+01
   3.5000000e+01   2.6370000e+01   5.0490000e+01
   3.5500000e+01   2.6370000e+01   5.0490000e+01
   3.6000000e+01   2.6370000e+01   5.0490000e+01
   3.6500000e+01   2.6370000e+01   5.0490000e+01
   3.7000000e+01   2.6370000e+01   5.0490000e+01
   3.7500000e+01   2.6370000e+01   5.0490000e+01
   3.8000000e+01   2.6370000e+01   5.0490000e+01
   3.8500000e+01   2.6370000e+01   5.0490000e+01
   3.9000000e+01   2.6370000e+01   5.0490000e+01
   3.9500000e+01   2.6370000e+01   5.0490000e+01
   4.0000000e+01   2.6370000e+01   5.0490000e+01
