   0.0000000e+00   1.6000000e+00   5.5495000e+01
   5.0000000e-01   1.9000000e+00   5.5024700e+01
   1.0000000e+00   2.2000000e+00   5.4554400e+01
   1.5000000e+00   2.5000000e+00   5.4084100e+01
   2.0000000e+00   2.8000000e+00   5.3613800e+01
   2.5000000e+00   3.1000000e+00   5.3143500e+01
   3.0000000e+00   3.4000000e+00   5.2673200e+01
   3.5000000e+00   3.7000000e+00   5.2202900e+01
   4.0000000e+00   4.0000000e+00   5.1732600e+01
   4.5000000e+00   4.3000000e+00   5.1262300e+01
   5.0000000e+00   4.6000000e+00   5.0792000e+01
   5.5000000e+00   5.2966667e+00   5.1227500e+01
   6.0000000e+00   5.9933333e+00   5.1663000e+01
   6.5000000e+00   6.6900000e+00   5.2098500e+01
   7.0000000e+00   7.3866667e+00   5.2534000e+01
   7.5000000e+00   8.0833333e+00   5.2969500e+01
   8.0000000e+00   8.7800000e+00   5.3405000e+01
   8.5000000e+00   9.4766667e+00   5.3840500e+01
   9.0000000e+00   1.0173333e+01   5.4276000e+01
   9.5000000e+00   1.0870000e+01   5.4711500e+01
   1.0000000e+01   1.1566667e+01   5.5147000e+01
   1.0500000e+01   1.2263333e+01   5.5110175e+01
   1.1000000e+01   1.2960000e+01   5.5073350e+01
   1.1500000e+01   1.3656667e+01   5.5036525e+01
   1.2000000e+01   1.4353333e+01   5.4999700e+01
   1.2500000e+01   1.5050000e+01   5.4962875e+01
   1.3000000e+01   1.5746667e+01   5.4926050e+01
   1.3500000e+01   1.6443333e+01   5.4889225e+01
   1.4000000e+01   1.7140000e+01   5.4852400e+01
   1.4500000e+01   1.7836667e+01   5.4815575e+01
   1.5000000e+01   1.8533333e+01   5.4778750e+01
   1.5500000e+01   1.9230000e+01   5.4741925e+01
   1.6000000e+01   1.9926667e+01   5.4705100e+01
   1.6500000e+01   2.0623333e+01   5.4668275e+01
   1.7000000e+01   2.1320000e+01   5.4631450e+01
   1.7500000e+01   2.2016667e+01   5.4594625e+01
   1.8000000e+01   2.2713333e+01   5.4557800e+01
   1.8500000e+01   2.3410000e+01   5.4520975e+01
   1.9000000e+01   2.4106667e+01   5.4484150e+01
   1.9500000e+01   2.4803333e+01   5.4447325e+01
   2.0000000e+01   2.5500000e+01   5.4410500e+01
   2.0500000e+01   2.5500000e+01   5.4373675e+01
   2.1000000e+01   2.5500000e+01   5.4336850e+01
   2.1500000e+01   2.5500000e+01   5.4300025e+01
   2.2000000e+01   2.5500000e+01   5.4263200e+01
   2.2500000e+01   2.5500000e+01   5.4226375e+01
   2.3000000e+01   2.5500000e+01   5.4189550e+01
   2.3500000e+01   2.5500000e+01   5.4152725e+01
   2.4000000e+01   2.5500000e+01   5.4115900e+01
   2.4500000e+01   2.5500000e+01   5.4079075e+01
   2.5000000e+01   2.5500000e+01   5.4042250e+01
   2.5500000e+01   2.5500000e+01   5.4005425e+01
   2.6000000e+01   2.5500000e+01   5.3968600e+01
   2.6500000e+01   2.5500000e+01   5.3931775e+01
   2.7000000e+01   2.5500000e+01   5.3894950e+01
   2.7500000e+01   2.5500000e+01   5.3858125e+01
   2.8000000e+01   2.5500000e+01   5.3821300e+01
   2.8500000e+01   2.5500000e+01   5.3784475e+01
   2.9000000e+01   2.5500000e+01   5.3747650e+01
   2.9500000e+01   2.5500000e+01   5.3710825e+01
   3.0000000e+01   2.5500000e+01   5.3674000e+01
   3.0500000e+01   2.5500000e+01   5.3674000e+01
   3.1000000e+01   2.5500000e+01   5.3674000e+01
   3.1500000e+01   2.5500000e+01   5.3674000e+01
   3.2000000e+01   2.5500000e+01   5.3674000e+01
   3.2500000e+01   2.5500000e+01   5.3674000e+01
   3.3000000e+01   2.5500000e+01   5.3674000e+01
   3.3500000e+01   2.5500000e+01   5.3674000e+01
   3.4000000e+01   2.5500000e+01   5.3674000e+01
   3.4500000e+01   2.5500000e+01   5.3674000e+01
   3.5000000e+01   2.5500000e+01   5.3674000e+01
   3.5500000e+01   2.5500000e+01   5.3674000e+01
   3.6000000e+01   2.5500000e+01   5.3674000e+01
   3.6500000e+01   2.5500000e+01   5.3674000e+01
   3.7000000e+01   2.5500000e+01   5.3674000e+01
   3.7500000e+01   2.5500000e+01   5.3674000e+01
   3.8000000e+01   2.5500000e+01   5.3674000e+01
   3.8500000e+01   2.5500000e+01   5.3674000e+01
   3.9000000e+01   2.5500000e+01   5.3674000e+01
   3.9500000e+01   2.5500000e+01   5.3674000e+01
   4.0000000e+01   2.5500000e+01   5.3674000e+01
